id,EAP,HPL,MWS
id02310,0.2411710487534216,0.054207057933018304,0.7046218933135602
id24541,0.9087876017676098,0.06635911157050059,0.02485328666188953
id00134,0.41671219368396845,0.5520592051570334,0.031228601158998177
id27757,0.5316836276222554,0.43738317717555497,0.03093319520218955
id04081,0.9116021124448644,0.04887069349584931,0.03952719405928623
id27337,0.4658950087673588,0.5165322625804852,0.017572728652155943
id24265,0.6743047808063228,0.3171184678608947,0.008576751332782403
id25917,0.06342482269263912,0.49972919633098295,0.43684598097637795
id04951,0.9777668368997836,0.018405274453744742,0.003827888646471643
id14549,0.9093211182093162,0.046538293738142826,0.044140588052541
id22505,0.12616479638657324,0.22455334963883014,0.6492818539745967
id24002,0.03543601828563535,0.9616995998464231,0.002864381867941596
id18982,0.19535663844633716,0.6394375679410158,0.16520579361264698
id15181,0.047881337413528055,0.9478989011806471,0.004219761405824752
id21888,0.46656439051144405,0.13684856630515513,0.3965870431834008
id12035,0.00036564505281143865,0.0032455031445268586,0.9963888518026618
id17991,0.18526229891679896,0.03783718352598732,0.7769005175572137
id10707,0.9955155830130674,0.0036772193219460495,0.0008071976649866109
id07101,0.5161640339052243,0.08536568580809292,0.39847028028668274
id00345,0.18334247171243567,0.7931964972164345,0.023461031071129963
id05912,0.9543051756330818,0.021950101322780392,0.023744723044137786
id13443,0.7275130311773503,0.04711030590539517,0.2253766629172545
id09248,0.48218733276525605,0.3103830743396414,0.20742959289510254
id17542,0.11799713245011591,0.8788002582176727,0.003202609332211401
id06995,0.03135755498574071,0.019687267162569643,0.9489551778516896
id25159,0.8101875888641787,0.021309180783429665,0.16850323035239156
id25729,0.5631127256782094,0.4125631151081878,0.02432415921360294
id26949,0.9023432953000847,0.08638510853566787,0.011271596164247506
id27191,0.3902446032146719,0.08082556554599474,0.5289298312393333
id07668,0.10188681184972259,0.01667841045487278,0.8814347776954046
id02230,0.141400050774025,0.45117438208281985,0.4074255671431552
id15553,0.9347351955726304,0.013076156334924174,0.05218864809244547
id25688,0.08184596545596393,0.9074607502141171,0.010693284329918869
id17545,0.9638988136458427,0.020629987446980923,0.015471198907176504
id13929,0.11162254558508922,0.7611866382797774,0.12719081613513353
id12880,0.6751721860780342,0.1767365519307288,0.14809126199123696
id19282,0.3858874633093774,0.13417569610054222,0.47993684059008035
id14690,0.012917669977642146,0.015286903349804303,0.9717954266725535
id17975,0.026418886251858478,0.916811534528692,0.05676957921944945
id08037,0.5356901359596073,0.06344349132487087,0.40086637271552183
id15412,0.25245953520839753,0.08827966138993472,0.6592608034016677
id25032,0.1653745874043983,0.0356584511211176,0.7989669614744841
id27165,0.9760881238203958,0.013698674535187519,0.010213201644416558
id03327,0.7773099414071045,0.16249865411234032,0.06019140448055514
id18515,0.7138612419788314,0.014018560545193712,0.27212019747597493
id21003,0.24058746092189512,0.01149594211585852,0.7479165969622463
id23855,0.00025203206783127674,0.9012936195987924,0.09845434833337621
id20724,0.7901032407805522,0.17231524214289815,0.03758151707654972
id13303,0.5288009936576528,0.08304150339978238,0.3881575029425649
id16521,0.004985299893208599,0.1633221469834329,0.8316925531233584
id20775,0.9650574231556243,0.028529892450693126,0.006412684393682594
id13029,0.9619761397343117,0.019807950950847662,0.01821590931484054
id14660,0.8001134538761636,0.19120070402678985,0.008685842097046552
id11028,0.020649835965200224,0.007351706378734839,0.971998457656065
id14180,0.7116217408637491,0.21653318490864332,0.07184507422760744
id25860,0.9916645933302062,0.00827815193093762,5.725473885618356e-05
id11910,0.8156539097049161,0.04412166747932951,0.14022442281575437
id08065,0.17710896369674758,0.020214702685150847,0.8026763336181015
id22674,0.1627485506461191,0.07646681200576487,0.760784637348116
id25018,0.26995734271875915,0.009455624581103942,0.7205870327001369
id10892,0.1436591440677184,0.8130574263741297,0.04328342955815181
id10217,0.15715183013292822,0.8386269219125764,0.004221247954495387
id12996,0.11891107159156211,0.7310404554476536,0.15004847296078427
id18262,0.48680797367097994,0.24347232255014478,0.2697197037788753
id08606,0.026963087515248202,0.9680911179830858,0.0049457945016660385
id17233,0.9131423638943261,0.025707726197660458,0.061149909908013264
id00101,0.2474305810855149,0.013385231268170657,0.7391841876463144
id12225,0.8947025039743368,0.09573099272136551,0.009566503304297624
id01364,0.06025844055866282,0.9162481183382836,0.02349344110305364
id24973,0.6796846959829551,0.20032388720196315,0.11999141681508174
id25363,0.822391938343772,0.008419138554787113,0.16918892310144074
id10061,0.5954026998553807,0.07628836697761016,0.3283089331670091
id17673,0.42933027304019145,0.4492623324544478,0.12140739450536084
id13249,0.6220385905622436,0.06584850389324236,0.31211290554451404
id10107,0.03421665837451904,0.004383651638630214,0.9613996899868508
id04403,0.8324364615949507,0.012846761899279727,0.1547167765057697
id25728,0.9461256887876162,0.008451002768177143,0.045423308444206764
id16184,0.5405006378890815,0.021802051918705823,0.4376973101922127
id03438,0.05534975267594455,9.542034944074584e-06,0.9446407052891114
id22923,0.19655712108573178,0.7940598829415942,0.009382995972673967
id08610,0.954885621821143,0.02995390177666367,0.015160476402193389
id25355,0.15841834336780375,0.06514602215844335,0.7764356344737529
id16916,0.4883442144468485,0.4970886439267258,0.01456714162642576
id12793,0.7674032402126197,0.15724324928108874,0.07535351050629152
id11859,0.5697691780603884,0.04880037708403602,0.38143044485557565
id02434,0.9705302275090215,0.028502657102212,0.0009671153887665589
id27703,0.03564573696249965,0.0389459790531885,0.9254082839843119
id25212,0.17103329681405274,0.8238958448489732,0.005070858336974131
id11308,0.00481966199576325,0.3254329489657469,0.6697473890384898
id26094,0.28560595251216314,0.6598319038584484,0.05456214362938854
id22080,0.8474761860343953,0.15240694275811095,0.0001168712074936481
id03545,0.6841002834466822,0.29905222459178527,0.016847491961532568
id23725,0.011404492583459375,0.06876868708705783,0.9198268203294828
id12009,0.8392966585280898,0.011004193135312217,0.14969914833659798
id24241,0.49282192482357323,0.25642598241284886,0.2507520927635779
id03596,0.16850429923975407,0.7971857058743698,0.0343099948858762
id10749,0.1178204943598859,0.7894660308111681,0.092713474828946
id22794,0.01359213542919903,0.14536923896057674,0.8410386256102242
id15482,0.27072916763161753,0.3690578375884016,0.3602129947799809
id04833,0.6191348577778389,0.3614460159909576,0.01941912623120344
id00397,0.1261605997402542,0.0006615722624725244,0.8731778279972733
id14691,0.17649949050198993,0.04209465297725649,0.7814058565207537
id05193,0.33061594770422764,0.0021182460282401882,0.6672658062675321
id19541,0.9337847822448422,0.048079930833587886,0.01813528692157009
id22166,0.033851854620258644,0.02632207757624869,0.9398260678034926
id20744,0.038343930461959407,0.003421838329568558,0.9582342312084721
id10392,0.005882736760471063,0.0033176741428010263,0.9907995890967278
id00770,0.8486891543029781,0.1237871115871216,0.027523734109900264
id06018,0.08957730541984749,0.8868170728160603,0.023605621764092144
id15678,0.14864521578312995,0.07242883559006795,0.7789259486268022
id08305,0.9080088399738457,0.08838195965132459,0.003609200374829697
id08903,0.7184549533315023,0.07395019899327324,0.20759484767522446
id14752,0.709698824298177,0.26469001140747656,0.02561116429434656
id12468,0.12116040029386652,0.8661684887076522,0.01267111099848128
id05085,0.6548474460467656,0.24627647686486942,0.09887607708836496
id21993,0.13818249990913828,0.0017162949189081242,0.8601012051719537
id15503,0.854399139848431,0.13905938148421326,0.006541478667355754
id03021,0.0017007175213011524,0.9354070209809764,0.06289226149772245
id16123,0.9820927170097834,0.011144731696458604,0.006762551293758022
id19383,0.9563561479795616,0.03787809542220635,0.005765756598232079
id04186,0.9858202077162954,0.010569660201391764,0.0036101320823127355
id17954,0.01317614675779952,0.0007578247236673379,0.9860660285185332
id12030,0.34703650397031605,0.003533921184778478,0.6494295748449055
id13020,0.7543253743385245,0.24088082136675887,0.004793804294716528
id25327,0.037605136173459924,0.8709096410124062,0.09148522281413388
id16344,0.10354192141928169,0.1024976719013066,0.7939604066794117
id12303,0.19710150738223553,0.7541005102951992,0.04879798232256534
id15017,0.8759505299576047,0.06005926033271569,0.06399020970967985
id22308,0.708463331984096,0.05252109862242413,0.23901556939347995
id06536,0.027006972486861607,0.22241415970073145,0.750578867812407
id19797,0.05130716710264269,0.9197394022524179,0.02895343064493949
id06332,0.28104598273326303,0.45123709455258204,0.2677169227141549
id22941,0.43972845532594895,0.079525136057953,0.480746408616098
id13547,0.026921997894272544,0.07344029776615361,0.8996377043395738
id06928,0.03722791458675099,0.0020860410391877115,0.9606860443740612
id12521,0.4189937214840852,0.4963889391132723,0.08461733940264243
id25716,0.674821088703636,5.745540942985349e-05,0.3251214558869341
id27116,4.716093817890316e-06,7.9274993923489e-07,0.9999944911562428
id19941,0.227761656288214,0.7480814197648661,0.02415692394691995
id05711,0.00022913261376506555,0.05948272907199355,0.9402881383142414
id02097,0.0010348413327065675,0.04977779605636196,0.9491873626109315
id03563,0.06683892067513417,0.9290081063506486,0.004152972974217349
id02295,0.09823117524000075,0.7796456899530675,0.12212313480693184
id08179,0.979672296139611,0.019528955561367137,0.0007987482990218529
id05332,0.02903002251603843,0.9558827372217226,0.015087240262239017
id15697,0.7744256976730832,0.09492812806836329,0.13064617425855343
id17026,0.6044603489913426,0.1174562306402695,0.27808342036838796
id04243,0.9181960681847889,0.052248299431471745,0.029555632383739185
id13175,0.9504972011426147,0.02347992094855174,0.026022877908833522
id05387,0.9444199717508113,0.02311199410524031,0.03246803414394849
id19989,0.8329118021658701,0.15288051411608441,0.014207683718045382
id25173,0.3405731241089051,0.19077228772127378,0.4686545881698211
id08925,0.050644618741184116,0.9423288051844124,0.007026576074403355
id03034,0.03158279163667048,0.9208606018202896,0.04755660654303985
id13272,0.017074194991952882,0.9738790483213724,0.009046756686674508
id07956,0.9546581649365978,0.04261255327092133,0.002729281792480773
id02648,0.005556208197269577,0.044635749506606905,0.9498080422961235
id01778,0.12391811561176133,0.004025048403842467,0.8720568359843962
id12846,0.0460172815629138,0.005487923809393066,0.9484947946276933
id19001,0.15209986366067027,0.062288676287850064,0.7856114600514796
id05763,0.7984023291930875,0.010060080857904911,0.19153758994900755
id15590,0.04013164166643971,0.004257995260505114,0.9556103630730552
id04912,0.6135971983478707,0.18487573469885055,0.20152706695327882
id21201,0.7644486876708634,0.10904387927216569,0.126507433056971
id13215,0.9550171700700956,0.026444758398023554,0.018538071531881008
id15612,0.010886537340799135,0.9526972493931678,0.03641621326603294
id18501,0.13086943316228472,0.026477184566165938,0.8426533822715494
id07223,0.20123404726475447,0.741826239743651,0.05693971299159459
id06707,0.4623723216307426,0.3592105319601171,0.17841714640914033
id05238,0.011655337518011375,0.9852494795048843,0.0030951829771042523
id00935,0.026875987611865187,0.23336217690962624,0.7397618354785085
id00110,0.7405281857590005,0.11173216911563498,0.14773964512536444
id17476,0.9234865955048394,0.07215735891200334,0.004356045583157286
id15170,0.9547804931121645,0.011388084055385939,0.03383142283244961
id13397,0.49975174403748845,0.2714901264697067,0.22875812949280483
id24283,0.2593696119536216,0.6836727706498054,0.056957617396573006
id15234,0.8734877113494051,0.12402963551227092,0.0024826531383239487
id16884,0.3046339312980225,0.2347970531609424,0.4605690155410351
id07831,0.11227914796306346,0.5626675647571707,0.32505328727976573
id16038,0.9433691186278251,0.05419530057742282,0.0024355807947520135
id03629,0.8597305341047464,0.10291811339764055,0.037351352497612976
id21019,0.8541173934163575,0.1069475598025224,0.03893504678112024
id21835,0.3569982919909004,0.05454964978011641,0.5884520582289832
id04480,0.020199445836607807,0.9789579647092117,0.0008425894541804148
id20838,0.12910993918970182,0.8163334159632931,0.05455664484700501
id24195,0.035738354526016695,0.32716385070112247,0.6370977947728608
id05448,0.4979318366449673,0.4132497190468395,0.08881844430819325
id15957,0.047248889886734494,0.9487891554129451,0.00396195470032041
id19956,0.033016870918530596,0.0046037158716967,0.9623794132097727
id15104,0.1250451019880081,0.1957616497019812,0.6791932483100107
id17559,0.5741713250158025,0.3074824467139693,0.1183462282702282
id16839,0.5611414805353355,0.08485667001581082,0.3540018494488537
id14493,0.5868765470758097,0.0184002528087817,0.3947232001154085
id08833,0.8581459612090928,0.009369435846804344,0.1324846029441029
id15723,0.2189013713167231,0.2927418343116173,0.4883567943716596
id02716,0.9233325594956946,0.07373897481872181,0.0029284656855836297
id06689,0.047841962787520564,0.9220251005322964,0.030132936680182926
id18837,0.3347051101487587,0.08230971711723067,0.5829851727340106
id04466,0.6807399602456907,0.17955608456740135,0.13970395518690784
id00686,0.6945751114440504,0.01154921686618848,0.2938756716897612
id09010,0.35779454695613894,0.6206230919690039,0.021582361074857136
id23353,0.9532259503750922,0.014237474369709246,0.032536575255198506
id00066,0.8784655985377156,0.10763411754879187,0.013900283913492557
id15724,0.11275041417319544,0.8441393320820398,0.04311025374476467
id23486,0.14082630424839862,0.00015964096536319033,0.8590140547862382
id22258,0.0750886086649146,0.008137774981519793,0.9167736163535656
id02292,0.9146680112255341,0.0424117388841858,0.04292024989028013
id16356,0.0887702780960595,0.020660723828299345,0.8905689980756413
id00235,0.6040979526706577,0.1787704390915848,0.21713160823775757
id25522,0.45404425931177167,0.03661774195610033,0.509337998732128
id04204,0.06326251579385074,0.9262600733664333,0.01047741083971584
id22016,0.7027601193146455,0.10322551808828619,0.19401436259706828
id06480,0.12416153322353052,0.846953550986097,0.02888491579037252
id08718,0.03485457242306445,0.001668009989691333,0.9634774175872443
id05251,0.035973988304914,0.9255121629918572,0.03851384870322888
id03359,0.597084071955271,0.25503148434108974,0.14788444370363923
id16117,0.22689471458182314,0.002373985533539933,0.770731299884637
id17000,0.10538728534022616,0.874688340223143,0.019924374436630858
id01730,0.6337201776083532,0.2977500542509991,0.06852976814064783
id00630,0.7559812037170801,0.2004774774763815,0.043541318806538346
id18175,0.11571569147404506,0.028377929601178,0.855906378924777
id00907,0.8312489439897744,0.031406118972045746,0.1373449370381798
id18251,0.09215901587326278,0.8941307564288807,0.013710227697856434
id25861,0.9046141151768148,0.05025346770523008,0.04513241711795528
id00398,0.48529819234974525,0.32667164010929656,0.1880301675409582
id27573,0.9833450621749212,0.0013892434023923914,0.01526569442268637
id10022,0.007859565303855474,0.8466708772662127,0.14546955742993178
id15901,0.1756439067460484,0.018596557068541287,0.8057595361854103
id00451,0.2109154735715026,0.044542153701499346,0.744542372726998
id23129,0.07450129537416375,0.9085482922133561,0.01695041241248013
id26498,0.49083090202522994,0.4028177040072049,0.10635139396756513
id14741,0.15697174288017934,0.10646005384490187,0.7365682032749188
id18453,0.6330938238982984,0.025179264009406663,0.341726912092295
id08309,0.9303911669144787,0.043452697222865634,0.026156135862655777
id00320,0.9493019168633003,0.019249043511789375,0.031449039624910274
id07688,0.27915059314288737,0.030289998821448436,0.6905594080356643
id01556,0.1692468178586547,0.0027882577049679435,0.8279649244363774
id00178,0.3350794168082487,0.14812531062349743,0.5167952725682539
id18902,0.3235675481092882,0.15520489637714582,0.5212275555135659
id27002,0.7873465147465537,0.17095587380966312,0.041697611443783214
id21418,0.9739822622902632,0.008379622674997471,0.017638115034739357
id23018,0.6454693966744699,0.21569941705936937,0.13883118626616073
id07032,0.18592057652645663,0.7564035626531711,0.05767586082037214
id16195,0.49926204666459695,0.021307576129024577,0.4794303772063785
id11202,0.08922969769649303,0.5592951052841466,0.35147519701936036
id09578,0.36399939080797195,0.04664953825111512,0.5893510709409129
id26984,0.8228771993863887,0.012504007731315516,0.16461879288229575
id19856,0.04220437604386133,0.9520321573943937,0.005763466561744962
id12086,0.7060366724005234,0.013503663477687937,0.28045966412178863
id12052,0.04404475752752398,0.013539548494292392,0.9424156939781836
id17728,0.04622823666507855,0.022796612848874513,0.930975150486047
id24608,0.8554909166913938,0.06892093109533506,0.07558815221327124
id21097,0.3441803557981362,0.1695385080681925,0.48628113613367113
id20179,0.019561554293533113,0.0019102823963690894,0.9785281633100977
id15144,0.665617151231269,0.28315877406030976,0.05122407470842133
id00206,0.9388934194899317,0.018836422827058802,0.04227015768300954
id22285,0.0335047111486626,0.003186446241656941,0.9633088426096804
id06417,0.09256714053720216,0.6458084674757634,0.26162439198703447
id00215,0.03668588761387693,0.961226400111806,0.0020877122743169557
id04201,0.06059545361092132,0.024519398139406005,0.9148851482496727
id21771,0.9607690797379885,0.028767997285841118,0.010462922976170339
id12451,0.5002794469948401,0.3352012537962395,0.16451929920892053
id14250,0.006571014600642615,0.8464710901003603,0.14695789529899722
id03433,0.053531469387581854,0.8993640764529995,0.047104454159418684
id03303,0.11462038923684566,0.09532749945255167,0.7900521113106027
id25901,0.26905604534811,0.22880541889286127,0.5021385357590289
id06945,0.8413066419060243,0.061453116942051425,0.09724024115192419
id05664,0.2026340066808993,0.7040398389533864,0.0933261543657144
id05741,0.9508191093591452,0.0480495932023261,0.0011312974385287073
id10652,0.15698594302156824,0.12529853135273036,0.7177155256257014
id16300,0.9404944078680587,0.020183151815028375,0.03932244031691284
id12319,0.501189849524475,0.2106313084613874,0.2881788420141377
id07500,0.13080356220230185,0.8677233769600425,0.0014730608376555866
id12478,0.2486535190621572,0.22137245033337438,0.5299740306044685
id03076,0.3288990475867256,0.010043281263136859,0.6610576711501376
id00969,0.08382590305115989,0.7145831272402519,0.20159096970858817
id23636,0.04633438562621278,0.9396841639350253,0.013981450438761964
id09791,0.09804651385052152,0.11622918149326858,0.7857243046562098
id05680,0.0192734365395823,0.7162494866802886,0.264477076780129
id03672,0.037837222260739524,0.16809091437798884,0.7940718633612716
id04286,0.027070804831134096,0.9380319674346773,0.03489722773418862
id23883,0.019182686091089515,0.20595949172522868,0.7748578221836817
id11914,0.3810640472349567,0.4149743909862412,0.20396156177880212
id20974,0.07541727863573003,0.917680522637248,0.006902198727022004
id26125,0.20315426343242293,0.24049743068833862,0.5563483058792386
id15543,0.30050206348868347,0.08763221916729369,0.6118657173440228
id19471,0.9735777723944651,0.0015699788847855943,0.024852248720749242
id11503,0.7751659768022221,0.2101921968808893,0.014641826316888738
id09321,0.0010453637504376774,0.8717676846088788,0.1271869516406836
id25560,0.00010283792770722223,0.014911211053425622,0.9849859510188672
id06726,0.13596472168145535,0.10843823989444626,0.7555970384240984
id05709,0.961434736635571,0.0058542026694804634,0.03271106069494858
id09788,0.4225061130833888,0.5119677810568504,0.06552610585976092
id05289,0.9483404334731189,0.04909901660414742,0.002560549922733675
id11815,0.00379575294262855,0.9866320631113448,0.009572183946026573
id22422,0.5485636333879514,0.13922845368724654,0.31220791292480204
id25954,0.8585022307163823,0.0009731264645856299,0.14052464281903215
id13601,0.3194641456942345,0.4657240407716164,0.21481181353414913
id05677,0.938871094618597,0.009379337095060464,0.051749568286342564
id10498,0.03336671897444483,0.9558289870686787,0.010804293956876387
id02665,0.24558893819522876,0.7135123852500764,0.04089867655469484
id10114,0.051177005628907826,0.8702186350707528,0.07860435930033949
id26314,0.6330208950400149,0.12664080062024904,0.24033830433973602
id21240,0.17701641354466774,0.3796456059391621,0.4433379805161702
id15569,0.9158362199038058,0.03650000360749226,0.047663776488702
id25928,0.18246471070278703,0.12353098838340285,0.6940043009138099
id22706,0.19161619601689775,0.7909790497008358,0.017404754282266528
id20877,0.010895207494686266,0.9217711606565189,0.06733363184879498
id04318,0.8911347569851591,0.054098999030722086,0.05476624398411875
id18299,0.045342741040400085,0.9223257222171035,0.032331536742496295
id08126,0.07751520437875094,0.0047032957143443395,0.9177814999069047
id14293,0.40227805277428663,0.0034113480699189663,0.5943105991557944
id12759,0.9301346943655833,0.03838235450466761,0.031482951129749165
id11983,0.6396023551518843,0.01121993268162912,0.34917771216648663
id05580,0.20910248002335247,0.656988840419704,0.13390867955694352
id25846,0.4532197769965516,0.3909019802837792,0.15587824271966927
id01939,0.3734149350512082,0.02659787543252354,0.5999871895162683
id26327,0.1114374677029234,0.35818667704459073,0.5303758552524858
id11068,0.028345034916388605,0.01127687247455942,0.9603780926090519
id08404,0.7450060264736672,0.03698491475593614,0.21800905877039667
id27189,0.6391024582657424,0.3506266388808287,0.010270902853428743
id15119,0.14922695050982332,0.5019490844072871,0.3488239650828895
id26525,0.9644215414164353,0.01946026201757042,0.016118196565994277
id03618,0.7634063161335454,0.1236632094144925,0.11293047445196217
id27220,0.9625754235982067,0.02161799142063091,0.01580658498116243
id18777,0.11165187539086718,0.002346494780015071,0.8860016298291178
id20213,0.8798358854548491,0.0778313009729086,0.04233281357224217
id20403,0.6738108033362324,0.3111872991396577,0.015001897524109863
id03777,0.19437383898543353,0.023444258040208093,0.7821819029743584
id10595,0.15968896190724335,0.7829265100453098,0.05738452804744687
id13816,0.7142307215235765,0.0012812090808227438,0.2844880693956007
id05667,0.015709487322864615,0.029790248117320693,0.9545002645598148
id24629,0.15588765078533773,0.07010955145204653,0.7740027977626158
id20398,0.21548170184798282,0.5975370377241451,0.18698126042787205
id14108,0.03380997959076943,0.00704760905580943,0.9591424113534212
id06196,0.00852312127419774,0.9847444825884144,0.006732396137387753
id02800,0.04876628486063686,0.9201337686095142,0.031099946529848845
id18732,0.03979697275733104,0.9384960883143201,0.021706938928349025
id11915,0.10680753034431245,0.8530822916670091,0.04011017798867847
id09739,0.6132584481377393,0.13096563052743132,0.2557759213348294
id24672,0.8721476019049685,0.08745961050586316,0.040392787589168394
id00414,0.004795675768628355,0.1920150032704675,0.8031893209609041
id16307,0.6373655027049123,0.28316428660500936,0.07947021069007845
id14043,0.11106419663360578,0.06620660029046008,0.8227292030759341
id00517,2.267126539816173e-06,0.011895918010447861,0.9881018148630123
id09744,0.8471182455097986,0.140390272147536,0.012491482342665386
id19257,0.6747936885912826,0.1438430341135855,0.18136327729513188
id15437,0.3881160047016635,0.6001973573319183,0.011686637966418207
id16352,0.35234132558104725,0.011959355908481135,0.6356993185104717
id18849,0.26946343570634423,0.07245855961100464,0.6580780046826511
id19434,0.008718646378553338,0.9836277458581781,0.007653607763268574
id17928,0.36330224057193267,0.05996080481236989,0.5767369546156974
id16896,0.13671810989214786,0.010401824753886795,0.8528800653539654
id02135,0.19146089420543916,0.5163406642068629,0.2921984415876979
id15075,0.7974887968047666,0.1037027799820241,0.0988084232132092
id27486,0.04159694258959456,0.9372525421014914,0.021150515308914125
id19422,0.7790921730884635,0.05505594036405154,0.16585188654748495
id09603,0.17075119925035637,0.6888152645643248,0.1404335361853189
id02133,0.35492421843979993,0.38146631575662004,0.26360946580358013
id03441,0.3007685336223786,0.040103811607203416,0.6591276547704179
id02398,0.08302685245891092,0.9132245628585016,0.0037485846825874598
id05152,0.03263459723105763,0.05940378336740404,0.9079616194015383
id17838,0.8653773346001958,0.0029180172313428895,0.13170464816846128
id25060,0.9573277458427853,0.028275128638955267,0.014397125518259434
id09998,0.20789764792270862,0.2500334111776472,0.5420689408996442
id01828,0.11360149986744551,0.674140244555445,0.21225825557710948
id25377,0.30768296854687915,0.04387733330110688,0.648439698152014
id22175,0.0383629862227288,0.9529393741087256,0.008697639668545514
id02974,0.018287513786590187,0.008894265146904657,0.9728182210665052
id26955,0.9642067495881474,0.03367890129311015,0.0021143491187423963
id21091,0.8161384206983586,0.053528712046828686,0.13033286725481266
id12802,0.9246067555573217,0.04999480158474484,0.02539844285793352
id07432,0.03475990657368048,0.9309243862254066,0.03431570720091282
id18749,0.2818612428974528,0.3860191746693654,0.33211958243318185
id15030,0.014999406656273414,0.05090399432997406,0.9340965990137525
id17155,0.30281270742044974,0.6672196687152727,0.029967623864277572
id08128,0.016988570684117577,0.836298164337226,0.1467132649786566
id25706,0.0021239009882228765,0.8718967463544345,0.12597935265734253
id15645,0.6771848154955704,0.3048119209888869,0.018003263515542715
id04943,0.9755427600002484,0.01598776107973943,0.008469478920012158
id27566,0.08143874844227388,0.004800839346607754,0.9137604122111184
id11765,0.6437122479169897,0.083483126519449,0.2728046255635614
id13783,0.7690012963586188,0.18703408464344035,0.043964618997940935
id00492,0.04305618003880973,0.033942544699423025,0.9230012752617673
id27636,0.18779587912698353,0.22767892688284397,0.5845251939901726
id04273,0.7758708522158023,0.14319222742833165,0.08093692035586604
id02537,0.325286119317985,0.5099464828344437,0.16476739784757133
id24349,0.620645981017911,0.37306755126716384,0.006286467714925194
id00023,0.00020159853476338783,0.9475409809819172,0.05225742048331946
id23025,0.47866539097731287,0.519871467192951,0.0014631418297360965
id08722,0.8850276394968554,0.038042962030992805,0.07692939847215181
id02420,0.9646534643388154,0.025656123635406796,0.009690412025777863
id10811,0.8300262714829554,0.06897418481481957,0.10099954370222491
id04019,0.05686791708208798,0.01609468833463778,0.9270373945832742
id18334,0.9358538331433681,0.055720870878154985,0.008425295978476674
id16781,0.17233068312547373,0.7475580354145523,0.080111281459974
id08773,0.7890295809316048,0.18880065004414873,0.022169769024246295
id19214,0.7364641807994725,0.09373927168107626,0.1697965475194511
id09589,0.0025903633459748946,0.63130384794909,0.36610578870493515
id24246,0.7198354947402713,0.04997839569401486,0.2301861095657139
id23577,0.5188540688015977,0.4785989763134393,0.0025469548849630227
id09305,0.8683568850332917,0.02881814249126087,0.10282497247544754
id16460,0.3119474040709041,0.01342234306497367,0.6746302528641223
id21115,0.5949911184761474,0.38366446673408205,0.02134441478977063
id25996,0.30039998564600884,0.14507137605419645,0.5545286382997947
id02551,0.09863913747927565,0.15163090581388172,0.7497299567068427
id19352,0.0855440701519142,0.002540560143074165,0.9119153697050116
id03806,0.19433329661143994,0.06700535711820424,0.7386613462703558
id26544,0.9325524533225031,0.02656200681460842,0.04088553986288842
id18761,0.9702095445212435,0.018912466209910106,0.010877989268846394
id24148,0.08892273502365731,0.8964519209103801,0.014625344065962501
id16095,0.016347681654733943,0.7777124070785337,0.2059399112667324
id18442,0.8456311280624398,0.016442455418343986,0.13792641651921628
id22596,5.784613109566659e-06,3.5373664384963166e-06,0.9999906780204519
id23002,0.043575241275899394,0.018926639680765082,0.9374981190433356
id04797,0.9799069377856489,0.01760342350390319,0.0024896387104480075
id06610,0.16634535719907578,0.003525848118436089,0.8301287946824881
id16173,0.37413472538461934,0.5938733233669741,0.03199195124840652
id18292,0.5600305199556737,0.11330446966421932,0.326665010380107
id27328,0.9767051729963894,0.00944469899787379,0.013850128005737036
id01695,0.21577283338645195,0.7240329997664576,0.06019416684709049
id05761,0.7037867309871031,0.1104906831166271,0.18572258589626972
id16354,0.9539707400634326,0.019650287892696627,0.026378972043870786
id12207,0.1549249607225038,0.5370218704623794,0.3080531688151168
id05665,0.1959059783409696,0.017495873825178202,0.7865981478338522
id01911,0.7307166142524281,0.23947468600105126,0.02980869974652067
id19153,0.039788426171439975,0.013369736480586005,0.946841837347974
id10295,0.6371300255675103,0.09611949153306829,0.2667504828994212
id23038,0.31527247871123726,0.653037041236181,0.03169048005258168
id23783,0.6281471960663816,0.36330610411726105,0.008546699816357438
id27879,0.30210721182253286,0.6724235788303651,0.02546920934710198
id19190,0.208636550511262,0.7896339820833681,0.0017294674053698817
id05065,0.8888528081794047,0.008923231762419501,0.10222396005817583
id21296,0.1573165565992582,0.5299897798430631,0.3126936635576788
id13262,0.20743396109098616,0.533193288918894,0.25937274999011983
id10333,0.8799689141581697,0.026234072620353648,0.09379701322147654
id16677,0.12704429173706017,0.6785299621884626,0.19442574607447716
id01392,0.4157497015107324,0.1454308305042824,0.43881946798498517
id27874,0.4484773638195244,0.18100216503994715,0.3705204711405285
id02294,0.00442783528317972,0.8628881420944371,0.1326840226223832
id18298,0.015203927984935089,0.03415343397403438,0.9506426380410306
id06997,0.9348849526354489,0.018654716557465246,0.04646033080708602
id05243,0.6112272581445923,0.07778314720151197,0.31098959465389575
id00860,0.15389791213577933,0.29707241687670727,0.5490296709875135
id26681,0.8948430122781584,0.10232157431134159,0.002835413410499938
id06020,0.018538626113514495,0.0006478684570856695,0.9808135054293999
id27683,0.7809352298777468,0.1462739383546496,0.07279083176760363
id17655,0.13444030007035693,0.8643891021645165,0.0011705977651265535
id08817,0.06985770009179651,0.05931613086598106,0.8708261690422223
id11512,0.010146278796584208,0.10434685658211276,0.885506864621303
id00478,0.24911692639840993,0.19561643890869607,0.5552666346928941
id02116,0.921759036786681,0.019105247641759332,0.05913571557155957
id06746,0.9483034790150101,0.04227819379351651,0.009418327191473416
id03863,0.24133942554933496,0.7353560478211816,0.02330452662948346
id01802,0.2507541693841689,0.36572686070047894,0.38351896991535217
id11682,0.5898577207881739,0.04359141693411881,0.3665508622777073
id04033,0.003393157865224136,0.9542181611555567,0.042388680979219134
id09286,0.16803855259192463,0.5923834905542089,0.23957795685386646
id12904,0.9491818708452426,0.04475784266571646,0.006060286489040931
id07420,0.015813349619128628,0.031317169927968055,0.9528694804529033
id22398,0.00014601936068176158,0.9796559223562906,0.02019805828302753
id00424,0.18495841447502637,0.007016049701338269,0.8080255358236352
id20960,0.9204636684468026,0.0426452760038573,0.03689105554934006
id10267,0.8430423694040226,0.022109297963271615,0.13484833263270585
id19330,0.38724794710849775,0.010445364377524058,0.6023066885139783
id00994,0.0635580573669999,0.8085239900886327,0.12791795254436733
id10785,0.5877748252141555,0.31831255567292704,0.09391261911291757
id00955,0.04682035875632831,0.8922242388860916,0.06095540235758
id09757,0.02966167043613233,0.9656318836083735,0.004706445955494137
id10030,0.3630081686667828,0.03389667650815367,0.6030951548250635
id22952,0.08510193579881875,0.19296234031877707,0.7219357238824042
id21955,0.0036128754392536115,0.011682807019664005,0.9847043175410823
id07674,0.3362369240412505,0.45719641888874485,0.2065666570700047
id13760,0.45284825060433775,0.518207435591684,0.028944313803978217
id18166,0.6456881729069943,0.006390692373367006,0.3479211347196386
id23498,0.7547621802860793,0.2407114324544639,0.004526387259456823
id05296,0.9796784885927992,0.003810172882332855,0.016511338524867906
id26709,0.5704675286609227,0.027904832155597307,0.4016276391834801
id02853,0.9614976277768952,0.028596170546052974,0.00990620167705199
id06800,0.19474480259914323,0.25664056743981545,0.5486146299610414
id14758,0.5813298765633725,0.3774230410582226,0.0412470823784049
id12356,0.7872511630469912,0.17541519110674664,0.03733364584626213
id21492,0.6694239832302489,0.09784966128066792,0.23272635548908327
id27540,0.5922669048932914,0.06355342141868756,0.34417967368802105
id07376,0.17894595777296424,0.5815672104749352,0.23948683175210053
id15201,0.8005153240108616,0.1825388988015895,0.016945777187548933
id23388,0.03761808063983801,0.92231966964041,0.04006224971975187
id13923,0.023026725768620113,0.9561095566521141,0.02086371757926575
id00794,0.028786027196008458,0.8788521845872836,0.092361788216708
id23910,0.060688887309925624,0.08543233206811034,0.8538787806219641
id02556,0.022542285077175067,0.02802585013003695,0.949431864792788
id22151,0.01770268224498579,0.9577037475875978,0.024593570167416322
id11698,0.3480300755888205,0.5667589491253024,0.08521097528587712
id11627,0.43749513187969635,0.12679295297289758,0.43571191514740604
id06340,0.976308890796673,0.01780638934145482,0.005884719861872058
id05123,0.9496161068084015,0.008681267176784541,0.041702626014813955
id26620,0.0380745550820853,0.0029657071414209957,0.9589597377764938
id04002,0.07797204138537689,0.29352832352145986,0.6284996350931633
id26554,0.26198445134159215,0.43808012067016133,0.2999354279882465
id18012,0.1299582889347211,0.41469911455123,0.4553425965140489
id12964,0.047981331995337224,0.009779306477135643,0.9422393615275271
id18965,0.05848937952744217,0.3499327859846063,0.5915778344879515
id19082,0.1778369116922696,0.037929938352531806,0.7842331499551987
id26742,0.04178250356554473,0.014347605685259817,0.9438698907491955
id15442,0.1281167532051604,0.731523485215476,0.14035976157936364
id16647,0.6749896177957864,0.09259785093339432,0.2324125312708193
id11544,0.18595647889753153,0.018282070687706965,0.7957614504147615
id20581,0.5066016320743373,0.14665537581030783,0.346742992115355
id13192,0.31289615166280393,0.1801777162225971,0.5069261321145989
id15814,0.18638205374760064,0.5883616220065659,0.22525632424583356
id26279,0.3330526821175144,0.6592398691447805,0.007707448737705106
id00240,0.9645644559922777,0.012357405199504514,0.023078138808217834
id22836,0.9350659357807722,0.0545570940594316,0.010376970159796172
id15085,0.04820121463103882,0.41179795966112964,0.5400008257078316
id17495,0.7966578851973392,0.010826947291249413,0.19251516751141154
id26762,0.7385323895143543,0.1233352478269677,0.13813236265867807
id13685,0.960160255982254,0.006189212817871828,0.03365053119987425
id16560,0.06471966409186651,0.9313228587599764,0.003957477148157148
id17184,0.005650854238885427,0.990461100368376,0.0038880453927385744
id21635,0.9943949645611749,0.002326735338309779,0.003278300100515341
id26751,0.17354428602502606,0.8196367646961487,0.0068189492788253816
id12351,0.5014112558282137,0.0333624278600836,0.46522631631170275
id14872,0.5038832813617482,0.1988126586868814,0.2973040599513703
id18372,0.42050808578415555,0.4193806856999368,0.16011122851590764
id26851,0.4448625126296789,0.2833800241684138,0.27175746320190736
id22659,0.4362490202013636,0.5625507334378534,0.0012002463607829628
id04102,0.009452024162345697,0.0007528994626784614,0.9897950763749759
id02353,0.059690413531084834,0.9295650938774704,0.010744492591444617
id26721,0.9496373801317974,0.04430645367876452,0.0060561661894379445
id11171,0.37427248719880024,0.16487301800348786,0.4608544947977119
id13562,0.4357385123850466,0.3734333017950937,0.19082818581985986
id26425,0.9590377761056003,0.00783944183888197,0.0331227820555178
id26394,0.2702336748729348,0.26642140706976847,0.4633449180572968
id22187,0.15230496783502437,0.7260502628497847,0.12164476931519087
id00422,0.9586043567729776,0.0046898889441511415,0.036705754282871164
id22667,0.019805838223902354,0.9793474434134921,0.0008467183626054387
id00911,0.9000794579090836,0.06369978191875732,0.03622076017215919
id17291,0.5362097230920633,0.184425231226485,0.27936504568145176
id01915,0.19023051465248486,0.08570234105720134,0.7240671442903137
id01434,0.11233780106721536,0.03968728034381843,0.8479749185889662
id01584,0.455589775198373,0.0768119256239729,0.46759829917765405
id09266,0.806490303049126,0.010198176209835607,0.18331152074103846
id17494,0.07826954643150891,0.9112043985748794,0.010526054993611622
id24919,0.07149578465865525,0.3661462456793232,0.5623579696620216
id21043,0.07400538039123435,0.007704902382360747,0.918289717226405
id17796,0.08338387460393297,0.8953490116763279,0.02126711371973926
id02166,0.2932381899901356,0.05589712964313591,0.6508646803667284
id17503,0.9162254151893047,0.04892023399445364,0.03485435081624176
id21203,0.6741685927817849,0.15502074754268272,0.17081065967553238
id25626,0.9348967831919103,0.06425088619925762,0.0008523306088321812
id09836,0.9342666946257328,0.0648836876254636,0.0008496177488035714
id24202,0.07121782753048,0.062238494734556934,0.8665436777349631
id27260,0.31021819038810833,0.04483959234602953,0.6449422172658622
id23167,0.01147660960800305,0.007215549280330092,0.9813078411116669
id10393,0.042384702891397875,0.9497146784919162,0.007900618616685857
id01171,0.6622003817654206,0.3249384309264747,0.012861187308104715
id06380,0.8723749326553913,0.10009976459660276,0.027525302748005992
id22686,0.3980787398822342,0.0009265330134123754,0.6009947271043534
id26250,0.28922811824417594,0.02039092607040067,0.6903809556854235
id09315,0.236597312623897,0.5734545609858384,0.18994812639026462
id00886,0.5086017954296186,0.3274208353383712,0.16397736923201023
id03101,0.6664421381255545,0.05604080503701153,0.27751705683743394
id12367,0.48943794079621095,0.12204754824872076,0.38851451095506834
id10770,0.8575281214823502,0.025644214937284644,0.11682766358036512
id14949,0.15005316180902184,0.8443935367079477,0.005553301483030518
id14141,0.13015404393818977,0.7763866219163842,0.09345933414542615
id25417,0.5791502016098894,0.16422614713167402,0.25662365125843656
id26873,0.831587290931954,0.05406123284979809,0.11435147621824798
id10818,0.136498140053844,0.024863672001460203,0.8386381879446958
id15146,0.5264568443176723,0.013863408124602822,0.4596797475577249
id23328,0.8069434959146098,0.18655990420437107,0.006496599881019312
id16765,0.45423343118200865,0.4690977316577697,0.07666883716022169
id24383,0.879886564473984,0.015713241996284016,0.1044001935297321
id21304,0.9164932306926139,0.051173564388486935,0.03233320491889925
id12551,0.0621773930091096,0.9294110583667038,0.008411548624186612
id23274,0.16176698750467405,0.13825677304311984,0.6999762394522062
id08117,0.6177040443489363,0.1357761265421829,0.24651982910888087
id23961,0.7241136076126169,0.03475415245475381,0.24113223993262936
id13865,0.010861313202123909,0.9788097382808851,0.01032894851699093
id22807,0.2085627995816326,0.034906920828605234,0.7565302795897622
id08951,0.08125810377771289,0.2968033425521356,0.6219385536701515
id18684,0.9826251084471622,0.013879192597811585,0.0034956989550261313
id25179,0.1387017060878131,0.17584341569523615,0.6854548782169507
id27033,0.6042464770249468,0.061059600410042644,0.3346939225650105
id13977,0.07594286395193825,0.7527499362780767,0.17130719976998496
id19337,0.0025073583831580135,0.9450815399982331,0.052411101618608916
id25764,0.11990511550219576,0.8292666044215448,0.05082828007625949
id16106,0.10699946644325559,0.4292337157966348,0.4637668177601097
id05468,0.05166849411680591,0.004713793610866266,0.9436177122723277
id05241,0.989669752041196,0.002060425259744545,0.008269822699059487
id10215,0.6409007025237765,0.10503643618578277,0.2540628612904408
id23457,0.12221822234647725,0.155869429832369,0.7219123478211538
id02200,0.8220841742178377,0.15378217415924272,0.024133651622919652
id13714,0.33241885878795885,0.5744832737368522,0.093097867475189
