id,EAP,HPL,MWS
id02310,0.023941912156438924,0.002584938209736657,0.9734731496338032
id24541,0.9702611453663574,0.015626251982955114,0.014112602650739093
id00134,0.014165799144065046,0.9856372541453301,0.00019694671059950248
id27757,0.28167519721663287,0.7175297253619322,0.0007950774214445952
id04081,0.9429639487611149,0.035664589681571615,0.02137146155731668
id27337,0.9541540158987912,0.03164976190680482,0.014196222194412376
id24265,0.7998471170641962,0.1895278751401011,0.010625007795703276
id25917,0.024647940006195773,0.24678626314810262,0.7285657968457026
id04951,0.9979216461566196,0.001941582199628297,0.0001367716437604923
id14549,0.9548215997863819,0.02433590564416788,0.02084249456943898
id22505,0.041303256407892154,0.09946226516404613,0.8592344784280379
id24002,6.371859324817022e-05,0.9999286258493384,7.65555743543403e-06
id18982,0.28820813342405666,0.6732318415102414,0.03856002506572235
id15181,0.0037197836555010726,0.9960064184880527,0.00027379785642853025
id21888,0.5281089267921616,0.1218336882073478,0.35005738500049915
id12035,0.00042275614438147074,7.658033373450458e-05,0.9995006635218769
id17991,0.13702622755592278,0.01797662395644825,0.8449971484876279
id10707,0.9997593984456711,1.8286066532350803e-05,0.0002223154878156312
id07101,0.1853002827329481,0.2552350848664474,0.5594646324005862
id00345,0.3028195167794044,0.6775821973398233,0.019598285880792755
id05912,0.9703880739941124,0.023481213966437795,0.006130712039452921
id13443,0.9836529388024216,0.0013647594561910883,0.01498230174136148
id09248,0.10740214710541153,0.0512432748732859,0.8413545780213111
id17542,0.05837058347161981,0.9221607209934988,0.019468695534878126
id06995,0.09595317271888318,0.002248703508237468,0.901798123772869
id25159,0.7957012858153911,0.029522614869206185,0.1747760993153959
id25729,0.9223254430154698,0.05934821876135284,0.01832633822317914
id26949,0.9295955658078153,0.03910851706581374,0.031295917126378456
id27191,0.1654007066346663,0.0077046873975295145,0.8268946059678035
id07668,0.27861114384702623,0.0005949229768801547,0.7207939331761374
id02230,0.17425902958921194,0.2662660984447731,0.5594748719660017
id15553,0.9958193713926496,0.00020989888000477316,0.003970729727320292
id25688,0.0002730804572601568,0.9995647801762247,0.00016213936651203966
id17545,0.9884412363865578,0.001490443888435823,0.010068319725007737
id13929,0.2229308523178135,0.7054240617290825,0.0716450859531003
id12880,0.3117488441224549,0.6184767579199673,0.06977439795756914
id19282,0.34355707738439273,0.10010454576735624,0.5563383768482493
id14690,0.0008003090290524372,3.559566642669957e-05,0.999164095304529
id17975,0.015736262353258527,0.9780460646002752,0.006217673046478592
id08037,0.3278199328998114,0.007447223204155802,0.6647328438960348
id15412,0.10739705896317758,0.003705029556421081,0.888897911480396
id25032,0.21541417453519368,0.14828666640759472,0.6362991590572005
id27165,0.9975205083448754,0.0005136346566140333,0.001965856998511031
id03327,0.8769627662105979,0.08092145288126255,0.042115780908121986
id18515,0.757731405995593,0.13064342731908732,0.1116251666852967
id21003,0.3140634630032536,0.019449002619856177,0.6664875343768945
id23855,0.0016701583337570829,0.9256691766529975,0.07266066501323386
id20724,0.9532262556774564,0.033725641269597484,0.013048103052947188
id13303,0.33127019175235417,0.07876906316205452,0.5899607450855692
id16521,0.004093358013964109,0.5360255276251942,0.4598811143608671
id20775,0.9969890641135867,0.0027670784852357327,0.00024385740115675215
id13029,0.9939137235572126,0.0022116586409941445,0.003874617801787611
id14660,0.8924429784336139,0.07979033959012381,0.027766681976270496
id11028,0.0010987170711519512,2.2476767186072736e-05,0.9988788061616578
id14180,0.9271482301491302,0.0626707197913585,0.010181050059532366
id25860,0.9984494771537921,0.0012495695528069017,0.00030095329338880323
id11910,0.48577582600769076,0.002203354162003442,0.5120208198303179
id08065,0.16242340361473154,0.019844208856897597,0.8177323875283795
id22674,0.009273420464443337,0.0020199773742466845,0.9887066021613004
id25018,0.3445593299233746,0.01135305023804789,0.6440876198386036
id10892,0.002340446626705813,0.9959220377857144,0.0017375155876045716
id10217,0.19385163660788354,0.8014458367075794,0.004702526684520499
id12996,0.08944747824639623,0.15830749281434897,0.7522450289392598
id18262,0.4209414927955124,0.27325430810087264,0.3058041991035936
id08606,0.0007646177705062506,0.9989442134408325,0.0002911687886504512
id17233,0.8243115293881665,0.023062424275066697,0.15262604633677035
id00101,0.8888527289449816,0.0706964317421546,0.04045083931287098
id12225,0.7815758379635791,0.20185094753348187,0.016573214502944373
id01364,0.023530868858178518,0.974276731606383,0.0021923995354111428
id24973,0.522875155453041,0.031495503582667936,0.445629340964302
id25363,0.45496477602865837,0.0009850208954448952,0.5440502030759081
id10061,0.6056822055999002,0.01681484911471352,0.37750294528536127
id17673,0.07832584190739977,0.8949278387762484,0.026746319316325363
id13249,0.5037167187749378,0.010887946555880596,0.48539533466918006
id10107,0.03608112605612538,0.0011309019462045166,0.9627879719976754
id04403,0.9338277678773906,0.004856405973031388,0.061315826149595506
id25728,0.8703144156076124,0.020308433094270387,0.109377151298125
id16184,0.5754536209122884,0.09449139121961331,0.3300549878680852
id03438,0.0010682564355935318,4.379685907061783e-06,0.998927363878477
id22923,0.00688413372362552,0.9928483848261748,0.0002674814501997978
id08610,0.9967682917643179,0.001999590282701681,0.0012321179530072482
id25355,0.07134386387800615,0.028300338236850537,0.9003557978851183
id16916,0.605877396902461,0.3825793405853159,0.011543262512215414
id12793,0.04455318746034536,0.9299377158625877,0.025509096677075408
id11859,0.3544253675589837,0.04707473237940329,0.5984999000616082
id02434,0.9997835923066202,0.00019552101867936007,2.0886674692245598e-05
id27703,0.011375674627312787,0.000873349797135035,0.987750975575544
id25212,0.011872833873923239,0.970593973971805,0.01753319215425368
id11308,0.03770901885151222,0.06999601816666881,0.8922949629818221
id26094,0.9787428012363383,0.006623134826138285,0.014634063937503971
id22080,0.9397423575268179,0.05988270164073889,0.00037494083243395286
id03545,0.9485942506667371,0.050893757292025145,0.0005119920412197748
id23725,0.012849156015696191,0.00486076515356742,0.9822900788307309
id12009,0.616572556768455,0.3553333159948853,0.02809412723664797
id24241,0.4113794724728483,0.2689245348085526,0.31969599271859606
id03596,0.0029297623694256735,0.9962040772375058,0.0008661603930621608
id10749,0.4812234800885305,0.4893778706486353,0.029398649262827804
id22794,0.004239337906920253,0.008783126420273013,0.9869775356727923
id15482,0.6322070878820238,0.0841424512526178,0.2836504608653461
id04833,0.9205603649672778,0.07220317370844966,0.007236461324297347
id00397,0.005345612799808679,1.5429765889653263e-05,0.9946389574342808
id14691,0.06794798222955997,0.025619490669668833,0.9064325271007215
id05193,0.03107909840472886,0.0009273325808073562,0.9679935690144509
id19541,0.9359597883523972,0.006257666816677147,0.057782544830929455
id22166,0.0017503010778817261,0.0010708810005406507,0.9971788179215695
id20744,0.028805373018489098,0.004801478483036519,0.9663931484984892
id10392,0.00021197226834710864,0.0028904342622463734,0.9968975934694289
id00770,0.9233276949016184,0.05643129947183295,0.020241005626531042
id06018,0.30133868955141946,0.6937680452417857,0.0048932652067960256
id15678,0.03672864411440289,0.01368859301879708,0.9495827628668143
id08305,0.9888366093611414,0.007474698059283458,0.0036886925795704723
id08903,0.14590156641533544,0.11149380876780193,0.7426046248168509
id14752,0.07626815714749981,0.9192245316459486,0.0045073112065376975
id12468,0.02017675530424799,0.9791110280630795,0.0007122166326453585
id05085,0.3947981633565976,0.5783231919161633,0.02687864472725095
id21993,0.04598017409695537,0.0004919326392146563,0.9535278932638388
id15503,0.9304001099392201,0.06798686140124396,0.0016130286595306708
id03021,2.2540603616602388e-05,0.9998709696771587,0.00010648971920135939
id16123,0.997155214820244,0.0025355274631967857,0.0003092577165583344
id19383,0.9930708667439294,0.005212725452814267,0.0017164078032406627
id04186,0.999460556157656,0.0002481542139945769,0.00029128962834084395
id17954,0.002713788773826311,0.00019585273487463653,0.9970903584912715
id12030,0.45060107476968086,0.00601999292682257,0.5433789323034974
id13020,0.7381228878807099,0.25092153994341954,0.0109555721758751
id25327,0.0030453608152609855,0.8345191613412233,0.1624354778435428
id16344,0.516144198353996,0.017192574638894217,0.466663227007103
id12303,0.44833206100834766,0.44753929653116925,0.1041286424604855
id15017,0.9231784569656327,0.07376992378991176,0.003051619244462339
id22308,0.49303134792876274,0.04458029756698826,0.4623883545042371
id06536,0.009951134531096598,0.15361190483637172,0.8364369606325329
id19797,0.4321286133272294,0.4123143178514923,0.15555706882127485
id06332,0.41571576864188814,0.4389886208051385,0.14529561055299905
id22941,0.24567296280701167,0.10241929304418362,0.6519077441488094
id13547,0.1402418688616608,0.03690442601710923,0.8228537051212119
id06928,0.01399204854935125,8.030314169312607e-05,0.9859276483089581
id12521,0.5834796210548218,0.3770086456851108,0.03951173326009174
id25716,0.8758279722679935,0.020390364052439047,0.10378166367957968
id27116,0.00014411397783636146,3.9023488255726207e-07,0.9998554957872743
id19941,0.007585349160662108,0.9838975372186916,0.008517113620664271
id05711,0.00047918302802803795,3.534874783688529e-05,0.9994854682241625
id02097,0.0003339793507421666,0.006754981999548534,0.9929110386497202
id03563,0.0023366541280700043,0.9974502986301217,0.0002130472418165025
id02295,0.2066277804224305,0.7344425624961637,0.05892965708140873
id08179,0.9994310816996628,0.00018713292280663618,0.0003817853775640729
id05332,0.016272005889555165,0.9642651689896118,0.01946282512083028
id15697,0.3473750071349204,0.21952148560094875,0.4331035072640755
id17026,0.09493539056428328,0.006200232380626711,0.8988643770550967
id04243,0.966945737070563,0.03134357755453827,0.0017106853749267222
id13175,0.9995857859637056,0.0002308818491405264,0.00018333218712765435
id05387,0.9542053707972152,0.0037821120570501127,0.04201251714571022
id19989,0.7460653286136282,0.18935118989424515,0.0645834814921362
id25173,0.3795387454350469,0.104214852644023,0.5162464019209094
id08925,0.0028690903121931202,0.9967133660354812,0.0004175436523253844
id03034,0.007906482500895444,0.9874342868612769,0.004659230637815963
id13272,0.002491198603921741,0.9956050578534201,0.0019037435426775807
id07956,0.9069846287535268,0.008841131423881618,0.08417423982259292
id02648,0.033279428014371545,0.0003624786557238911,0.9663580933298939
id01778,0.2142627792962585,0.002692076463271903,0.7830451442404815
id12846,0.0009692286963674145,0.00024419694436511813,0.9987865743592944
id19001,0.14996778811893527,0.02410734923459933,0.8259248626464637
id05763,0.9268191373195656,0.017882509056645124,0.05529835362379364
id15590,0.01073619614380978,8.993958463306494e-05,0.9891738642715707
id04912,0.8032465535815494,0.1367294435444354,0.0600240028740017
id21201,0.8813531943908307,0.09400017967420135,0.02464662593499448
id13215,0.9967797332670028,0.0002020596972733682,0.003018207035716079
id15612,0.039414087219157214,0.953902874524831,0.006683038256024803
id18501,0.08336215691218306,0.031164187043088404,0.8854736560447494
id07223,0.1193399771944295,0.8543089757018367,0.026351047103746833
id06707,0.3442913025008541,0.5907688304985885,0.0649398670005523
id05238,0.0005918499402844972,0.9981304515238127,0.0012776985358980031
id00935,0.010147576978976733,0.23159050004954396,0.758261922971491
id00110,0.48595488737239084,0.005518413047440609,0.5085266995801615
id17476,0.9465581042748447,0.0264472883979206,0.02699460732725705
id15170,0.9937531023290822,0.00559133451135081,0.0006555631595818685
id13397,0.3133255909851953,0.03437746402415721,0.6522969449906357
id24283,0.2588145265683368,0.5848949272290724,0.15629054620260557
id15234,0.9845129459921713,0.013313803372706257,0.002173250635113956
id16884,0.7802382867912874,0.1372440116365885,0.08251770157211805
id07831,0.2736263728945346,0.6582512183967437,0.06812240870872321
id16038,0.9699028149131558,0.026031362859675465,0.004065822227159496
id03629,0.9420026741550453,0.01653132109521181,0.04146600474974232
id21019,0.9028977473266622,0.07636233141101131,0.02073992126231456
id21835,0.273836733648213,0.15920920000507935,0.5669540663467032
id04480,0.006575203127511081,0.9931431628146447,0.00028163405785325995
id20838,0.5511927347348564,0.3502105829948425,0.09859668227029719
id24195,0.4831127750161023,0.09313386363586991,0.4237533613480242
id05448,0.7982036773556749,0.14328684218405274,0.058509480460271907
id15957,0.05451152481335085,0.936232185085681,0.009256290100981921
id19956,0.0017849274713315217,1.5352691633244588e-05,0.9981997198370408
id15104,0.01858073269367892,0.16747590002611146,0.8139433672802114
id17559,0.36370319532247264,0.5829892500224619,0.05330755465505285
id16839,0.491190650116434,0.10700622066876786,0.4018031292148143
id14493,0.6563483222800139,0.01328476426618581,0.3303669134537924
id08833,0.8244934628012897,0.014027894156851498,0.16147864304187315
id15723,0.07787620837669035,0.017488375305803786,0.9046354163175054
id02716,0.9821958882106626,0.004987669985735702,0.012816441803575235
id06689,0.013099344884079857,0.9700643134734892,0.016836341642425198
id18837,0.43936998662358906,0.022109637138491116,0.5385203762379456
id04466,0.99150853991625,0.0008225677382047954,0.007668892345555267
id00686,0.640483485597562,0.11636944852418916,0.2431470658782344
id09010,0.029718033138961708,0.9682768203162712,0.002005146544768076
id23353,0.9637648994348926,0.0068981741053354235,0.029336926459784828
id00066,0.8356739314942648,0.13301922016771558,0.03130684833801944
id15724,0.057398053881047364,0.9178016068594336,0.024800339259517162
id23486,0.10892853321365249,0.0023042868467582083,0.8887671799395794
id22258,0.01873382821616225,0.0019911684206667577,0.9792750033631463
id02292,0.9601873084623388,0.0125371018097574,0.027275589727906446
id16356,0.4603730845226542,0.02198377089913152,0.5176431445781907
id00235,0.9783522339039067,0.0009499671390825338,0.020697798957010065
id25522,0.1050372473991572,0.002424912417400098,0.8925378401834607
id04204,0.06453030839262469,0.9280552139258206,0.007414477681543056
id22016,0.7482297149500163,0.05065670076664637,0.20111358428334056
id06480,0.004611980098516448,0.9856241837864644,0.009763836115035701
id08718,0.04231468619915683,0.0017209192476634588,0.9559643945531834
id05251,0.0004786525603295955,0.9983570899105918,0.0011642575290750578
id03359,0.9253630206984511,0.018854285925262095,0.05578269337627533
id16117,0.014473064079099665,0.0014304351687835768,0.9840965007520918
id17000,0.004809547042399264,0.9950146008826651,0.0001758520749162736
id01730,0.07746763196845581,0.9195935815632077,0.0029387864683483272
id00630,0.19140561670951772,0.8050981020145176,0.0034962812759799736
id18175,0.07874068874534967,0.0005072347113743534,0.9207520765432798
id00907,0.9683632358594124,0.019050774439755492,0.012585989700829688
id18251,0.013060074594384078,0.9860906167692016,0.000849308636438369
id25861,0.8455378640482408,0.09524738732256989,0.059214748629198434
id00398,0.45293615374018675,0.40216285681814484,0.14490098944167784
id27573,0.9989493031741135,7.799387084401296e-05,0.0009727029550205543
id10022,0.011128759681089926,0.876573546512165,0.11229769380669784
id15901,0.015558611270336434,2.2925612978762826e-05,0.9844184631166678
id00451,0.07691120188763022,0.029195907522376746,0.8938928905900057
id23129,0.02839995417283966,0.9586703745942506,0.012929671232883263
id26498,0.6158478253048492,0.33934425186206185,0.04480792283308123
id14741,0.02941075829553002,0.7044959829694031,0.2660932587350691
id18453,0.15768845181378227,0.01683940654616951,0.8254721416400661
id08309,0.9629155881048971,0.019277787251193515,0.017806624643897356
id00320,0.9994989094772193,0.0002958866039040913,0.0002052039188652036
id07688,0.09423967787390249,0.025016121278478336,0.8807442008476174
id01556,0.005882063228256908,0.0007190357427521995,0.9933989010289804
id00178,0.6912943259148251,0.028733389021190853,0.2799722850639985
id18902,0.02301723318165676,0.010076310846593382,0.9669064559717278
id27002,0.8572135051534306,0.13220144545298032,0.010585049393576278
id21418,0.9941858048465645,0.004802145744196298,0.0010120494092473913
id23018,0.6110962712440244,0.16549702612621645,0.2234067026297452
id07032,0.23578464126691434,0.39318156548587946,0.3710337932471978
id16195,0.472738050878104,0.026305947736932334,0.5009560013849471
id11202,0.13613142667289266,0.8294945848356605,0.034373988491456474
id09578,0.6528995188648075,0.0373783452567447,0.309722135878453
id26984,0.9775916298377838,0.0005886116446369749,0.021819758517582683
id19856,0.0031670194658516243,0.9935338380538289,0.003299142480328907
id12086,0.45620833099187014,0.1563388897890169,0.3874527792191243
id12052,0.0315220430978633,0.0893972889096361,0.8790806679924951
id17728,0.0006238689579404177,0.0001810925429443866,0.9991950384990922
id24608,0.9542336697351,0.007112956179412765,0.03865337408550422
id21097,0.05549091258709261,0.01573659022603754,0.9287724971868481
id20179,0.003295706699764586,5.933730453137422e-05,0.9966449559956847
id15144,0.49391545264341896,0.34073490398876904,0.16534964336781302
id00206,0.9954372654464416,0.0007467845332166313,0.003815950020339951
id22285,0.008120104914942318,0.002022923950546371,0.9898569711345129
id06417,0.0697706641349134,0.6995581059824366,0.23067122988263694
id00215,0.01688792782057337,0.9826000046476874,0.0005120675317601165
id04201,0.16756081608151058,0.020915637539902613,0.8115235463785945
id21771,0.9925004666635177,0.0051260636604261835,0.0023734696760616602
id12451,0.009060657877729701,0.6094734276101885,0.38146591451208434
id14250,0.028618246706474205,0.7995777356365283,0.17180401765699235
id03433,0.0047904528808838005,0.9662421246686366,0.02896742245048808
id03303,0.07977834980091134,0.0011025699293033305,0.9191190802697924
id25901,0.16708949002420095,0.6783071818536344,0.15460332812216257
id06945,0.7946168851629373,0.01456103795757882,0.1908220768794668
id05664,0.45477357458728573,0.04841304137341619,0.49681338403928865
id05741,0.997578966100558,0.00012970081512755398,0.002291333084299164
id10652,0.28387295502482707,0.3811719685636347,0.33495507641153566
id16300,0.9965835977130011,0.0002722885334416034,0.0031441137535482716
id12319,0.7447460540307745,0.039230941748309836,0.21602300422092824
id07500,0.00785202312547746,0.9920541862865317,9.379058799325735e-05
id12478,0.14695378384161498,0.4411817119532291,0.41186450420515586
id03076,0.1775453782297084,0.002016020680653416,0.8204386010896451
id00969,0.28163542104864675,0.6539703495170395,0.06439422943429413
id23636,0.011653080096621317,0.9320613167068399,0.056285603196539594
id09791,0.14682248800334222,0.024021390358991396,0.8291561216376688
id05680,0.015144371089589862,0.39199080241764606,0.5928648264927601
id03672,0.05180170813601915,0.7954013037878721,0.1527969880761103
id04286,0.0018930529681837496,0.985725755873777,0.012381191158029903
id23883,0.01295587997950971,0.3871804512055005,0.5998636688149778
id11914,0.6596080033676212,0.022675852693574115,0.3177161439387965
id20974,0.09497735390736872,0.8983327453754741,0.006689900717160802
id26125,0.0192954675148868,0.007311149606756482,0.9733933828783564
id15543,0.306281286964948,0.022582121453919163,0.6711365915811278
id19471,0.9994382028474581,0.0003709442122091282,0.00019085294032613402
id11503,0.5680282511743503,0.3821792894163953,0.04979245940925057
id09321,0.20913345068365286,0.6820986904438493,0.108767858872494
id25560,0.0004615191418544649,0.0003398462616176962,0.9991986345965468
id06726,0.7444317260122543,0.07574768824856219,0.1798205857391844
id05709,0.9503356688478366,0.00443670544417314,0.045227625707984644
id09788,0.08028275756360173,0.6564869825756986,0.2632302598606988
id05289,0.999798715473991,0.00015649719008245977,4.478733590380652e-05
id11815,0.008088896542708354,0.9909702177900264,0.000940885667268484
id22422,0.7597879637259537,0.07012971023521895,0.1700823260388147
id25954,0.7077966130635746,0.03219352297563566,0.2600098639607927
id13601,0.6764717665739269,0.25937845427379264,0.06414977915229304
id05677,0.8791758773570765,0.002286266897181672,0.11853785574574065
id10498,0.011763596879537557,0.9876078010068126,0.000628602113624706
id02665,0.26247524655367793,0.7169281496512758,0.02059660379505106
id10114,0.019703275964580703,0.8756031957736199,0.10469352826181126
id26314,0.7154447613541248,0.20930343609720992,0.07525180254864863
id21240,0.1795168238873138,0.20070218254392613,0.6197809935687667
id15569,0.9518664299446729,0.03607969058117106,0.0120538794741667
id25928,0.12684177087367007,0.016953152881930122,0.8562050762443919
id22706,0.18277372952572785,0.8150943322834651,0.0021319381908069305
id20877,7.318527248589157e-05,0.9977277220074781,0.00219909272005111
id04318,0.8462440562587377,0.01693707580050719,0.13681886794075881
id18299,0.047414335795770354,0.8875465891868661,0.06503907501737549
id08126,0.012170707923969168,0.0003273171801555752,0.987501974895894
id14293,0.35331358950631003,0.008779419431331946,0.6379069910623818
id12759,0.9992172209209397,6.693828252729486e-05,0.0007158407965533778
id11983,0.8401321207169181,0.035078087066423895,0.12478979221666218
id05580,0.13440322440345487,0.7228703198771039,0.14272645571942974
id25846,0.573540514105488,0.2988900978828986,0.1275693880116021
id01939,0.4121497969746512,0.02569633054134724,0.562153872484
id26327,0.10064796377228788,0.6662849788848284,0.2330670573428779
id11068,0.033677965937299624,0.0181844215854086,0.948137612477318
id08404,0.9958450308733381,0.0006548109196999352,0.0035001582069903244
id27189,0.8945809597800555,0.10216446134895919,0.0032545788709934724
id15119,0.02436956753045332,0.9411480114417962,0.03448242102777662
id26525,0.9848942826381525,0.0004594572448692426,0.014646260116965093
id03618,0.6137315453683936,0.3459147197911811,0.040353734840429596
id27220,0.9928784766952865,0.002913842110957271,0.004207681193763102
id18777,0.010171579695263326,0.0005925623304062128,0.9892358579743292
id20213,0.9481837800285932,0.02639194094500791,0.025424279026408193
id20403,0.9505326262850423,0.040399815344375624,0.009067558370557229
id03777,0.07033676911040146,0.08137255698545388,0.8482906739041594
id10595,0.03895433276245357,0.9557756039240741,0.005270063313480921
id13816,0.27752062378091846,0.009011498218456893,0.7134678780006255
id05667,0.020762695995154803,0.018260820952174555,0.9609764830526787
id24629,0.3990328995703886,0.06997818121964496,0.5309889192099538
id20398,0.17366406667020556,0.052551738691173584,0.7737841946386055
id14108,0.002514387859280478,0.00037386599764448127,0.9971117461430776
id06196,0.00018580210384604734,0.9996637325336544,0.0001504653625253483
id02800,0.2743290639463608,0.6797590935930291,0.04591184246061477
id18732,0.005803114108906235,0.9922408510223751,0.001956034868734938
id11915,0.008474520996276968,0.9864249136918771,0.005100565311871309
id09739,0.7930246068865328,0.09537524620038812,0.11160014691308826
id24672,0.9902655098959356,0.005519208473522591,0.004215281630545432
id00414,0.0004905853377245351,0.008875005413535116,0.990634409248787
id16307,0.7079639738626684,0.044838146909731855,0.24719787922759107
id14043,0.0417077939501444,0.03951223923424353,0.9187799668155984
id00517,1.0381127575761335e-05,2.5238836183114114e-06,0.999987094988848
id09744,0.966021748216832,0.033876073634189145,0.00010217814899380304
id19257,0.992757336052232,0.0019723829528710424,0.0052702809948840905
id15437,0.7191133796654159,0.235520040947803,0.04536657938676605
id16352,0.4146360242599214,0.012604607915214745,0.5727593678248518
id18849,0.7951622323520002,0.06927059902089949,0.13556716862710416
id19434,2.1054439037322527e-06,0.999997155878029,7.386780796782246e-07
id17928,0.0505292237282486,0.08154716858307762,0.8679236076886722
id16896,0.011405994793080151,0.0002659842004533479,0.988328021006468
id02135,0.07619099336189877,0.5729766877379578,0.35083231890013006
id15075,0.9962412687870086,0.0018745561851564452,0.0018841750278308076
id27486,8.660674949854964e-05,0.9996879857356669,0.00022540751483609046
id19422,0.9476612112533022,0.0453852610854119,0.006953527661307005
id09603,0.01249592145683545,0.9687395614182799,0.01876451712487743
id02133,0.021909429916002136,0.9664348231034869,0.01165574698051285
id03441,0.5342563992042735,0.006199441590580616,0.4595441592051672
id02398,0.003134117020146738,0.9968358209213851,3.0062058446777977e-05
id05152,0.14367582020477693,0.011682014978012288,0.8446421648172182
id17838,0.6220162940234139,0.005205473206765579,0.3727782327698302
id25060,0.994365592799302,0.00293516337040081,0.0026992438302905824
id09998,0.024120322897758548,0.05045062912782822,0.9254290479744163
id01828,0.004222348778350363,0.9868995432667097,0.008878107954921081
id25377,0.5295519477985249,0.03605518234017918,0.4343928698612847
id22175,0.04830431825868922,0.9494050956292305,0.0022905861120636538
id02974,0.01802100647523571,0.0033502065213556254,0.9786287870033902
id26955,0.9984284608547266,0.0013053569515862058,0.0002661821936841178
id21091,0.9374961558317374,0.03557556510445948,0.02692827906379738
id12802,0.6973303455844545,0.2518255600213882,0.050844094394164215
id07432,0.00010479191659223078,0.9998504638021303,4.474428128934145e-05
id18749,0.4246623170548468,0.45478518799353745,0.12055249495164205
id15030,0.005039935085897819,0.03153585859411853,0.9634242063199974
id17155,0.01422931134951851,0.976612281456662,0.009158407193844698
id08128,0.005033002551884381,0.876608767869901,0.11835822957822048
id25706,0.0011612400196510135,0.9859903532943826,0.012848406685946397
id15645,0.9337495289680406,0.0538295553237759,0.01242091570819548
id04943,0.9569618886888194,0.004136800096504419,0.03890131121469264
id27566,0.025262469604911027,0.01473440851408318,0.9600031218809534
id11765,0.28296906030428287,0.17736982271957685,0.5396611169761159
id13783,0.17817958163346145,0.620199744153587,0.2016206742129496
id00492,0.008592287418343472,0.0035053301659975443,0.9879023824156865
id27636,0.13866767861731194,0.015362430427784577,0.8459698909548854
id04273,0.7978601170230741,0.08635780219928287,0.11578208077763849
id02537,0.1666160705652057,0.15975779706463536,0.6736261323701584
id24349,0.9970044992562259,0.0024599539749597375,0.0005355467688328277
id00023,0.004996947814243491,0.9776525777293812,0.017350474456376233
id23025,0.6070861889892033,0.29008978344440084,0.10282402756640027
id08722,0.7198625305077916,0.05931596714876355,0.22082150234343992
id02420,0.9915698530417657,0.008311425451615149,0.0001187215066192807
id10811,0.9697958392268111,0.006450548947304138,0.023753611825887602
id04019,0.010148849575828475,0.0062855129038383644,0.9835656375203388
id18334,0.9950490739312562,0.004469269277389626,0.00048165679134498776
id16781,0.866300424360678,0.11150427329466434,0.02219530234465159
id08773,0.11775106691994139,0.8759513826432421,0.0062975504368050555
id19214,0.39937141796494824,0.5401995847770703,0.06042899725795966
id09589,4.067645364170836e-06,0.999949355558954,4.657679566936768e-05
id24246,0.62149511479493,0.13401533303826746,0.2444895521668092
id23577,0.8427544338003211,0.15701534529338354,0.00023022090629748202
id09305,0.610816453119141,0.08946298474083798,0.2997205621400188
id16460,0.3923369221346515,0.008711214686596648,0.5989518631787643
id21115,0.767195301118355,0.10953743763868853,0.12326726124294807
id25996,0.758276348004529,0.032857417059806146,0.20886623493566064
id02551,0.006095205584303754,0.0064859984600607,0.9874187959556464
id19352,0.005287100494999777,5.486633909214379e-06,0.9947074128711052
id03806,0.038796433528010064,0.006403405563257689,0.954800160908712
id26544,0.8904913162381274,0.016523202345102798,0.09298548141676079
id18761,0.9537146195866724,0.005882243039853161,0.04040313737346808
id24148,0.062107567123312536,0.9351025585771864,0.0027898742995099246
id16095,0.07357768798756771,0.8933680048252106,0.03305430718724786
id18442,0.823863794365043,0.05405970767321666,0.12207649796175382
id22596,3.414228518584851e-06,5.013831468047117e-07,0.9999960843883208
id23002,0.10523753199029484,0.0003790829550667957,0.8943833850546326
id04797,0.9994944316310889,0.00015509428851972638,0.0003504740803726948
id06610,0.24518118575517192,0.00973345608700336,0.7450853581578485
id16173,0.5692316811412164,0.4099410907026272,0.02082722815615986
id18292,0.02074106848305594,0.03196236523685257,0.947296566280096
id27328,0.9933664178024627,0.0008711640844264556,0.005762418113106816
id01695,0.0016112638653366744,0.9982602874794482,0.00012844865522539141
id05761,0.7706836127816924,0.002586370622369832,0.22673001659592876
id16354,0.9952629937405679,0.00249192660040164,0.002245079659049953
id12207,0.10891272918986111,0.6266297588945959,0.2644575119155216
id05665,0.2044592417826353,0.013270116273287384,0.78227064194407
id01911,0.9580924530097286,0.03784320176163079,0.004064345228652474
id19153,0.01831719820490339,0.0018057962678710985,0.9798770055272428
id10295,0.914900650349838,0.07371537495722583,0.011383974692914285
id23038,0.39200309441893016,0.5234796362734699,0.08451726930758983
id23783,0.7343974078211905,0.2634040789034974,0.002198513275298066
id27879,0.9596186287255453,0.036425965632085985,0.00395540564237501
id19190,0.011619619694028579,0.988334709424259,4.567088170437326e-05
id05065,0.9819559963896877,0.011744969340217617,0.00629903427009334
id21296,0.039343516745376936,0.9018496552072587,0.058806828047362834
id13262,0.11772484133843795,0.23124168741942358,0.6510334712421462
id10333,0.7495629080696569,0.08368285427971933,0.16675423765062256
id16677,0.012327510241622092,0.9045372378172035,0.08313525194115327
id01392,0.49085135110002,0.005981227786443784,0.5031674211135415
id27874,0.7202984069686519,0.10994274700885134,0.16975884602248387
id02294,0.002425021125192108,0.9949260941151544,0.002648884759657971
id18298,0.002453183563997167,0.011627438622830293,0.9859193778131613
id06997,0.9695171494847444,0.003003237459464676,0.02747961305579071
id05243,0.25550724651416434,0.20935382302955885,0.5351389304562854
id00860,0.0077951131684220005,0.9290057182491849,0.06319916858241509
id26681,0.999815367375944,0.00016390049454539235,2.0732129483518512e-05
id06020,0.0024777969755707717,2.2922501830111464e-06,0.9975199107742728
id27683,0.866666548604523,0.06407136485099062,0.06926208654449605
id17655,0.0020884368673179166,0.9975699627506447,0.00034160038208621456
id08817,0.02821381808504593,0.006718896537851864,0.9650672853770835
id11512,0.000281361351460973,0.008742205477267485,0.9909764331712668
id00478,0.15501470634442557,0.05107320957410551,0.7939120840814761
id02116,0.9625940558582354,0.007776487165292112,0.02962945697645756
id06746,0.9801880539608837,0.013774720298362512,0.006037225740744992
id03863,0.4629546558701449,0.5270291047470264,0.010016239382834915
id01802,0.052087153524744835,0.9341783022565499,0.013734544218705035
id11682,0.948327690649452,0.003975156835039144,0.04769715251550451
id04033,0.003350111855619897,0.9889987059878899,0.007651182156513682
id09286,0.07880355130889072,0.7951276479918831,0.1260688006992509
id12904,0.9986072225112992,0.0013275764526944275,6.520103602851515e-05
id07420,0.01287197128030484,0.0006890952062368882,0.9864389335134816
id22398,4.632924376459508e-05,0.9998705635802357,8.310717602048999e-05
id00424,0.07198509789976747,0.023879359316692605,0.9041355427835435
id20960,0.8504306083628987,0.13848409165560222,0.011085299981504886
id10267,0.32426445449391444,0.6456905217765416,0.030045023729556284
id19330,0.4791260327814464,0.0005116428046035253,0.5203623244139352
id00994,0.0123124354914702,0.9833251845096467,0.004362379998854726
id10785,0.8363584848699653,0.033151273821828725,0.1304902413082166
id00955,0.005257431678065359,0.9829561827805363,0.01178638554138574
id09757,0.002716283143742766,0.9966231749350346,0.0006605419212191428
id10030,0.16122021314971674,0.012757180844220463,0.8260226060060734
id22952,0.0534739404162731,0.04426537413581012,0.90226068544793
id21955,0.0005560307882854171,0.003054605970321698,0.9963893632413878
id07674,0.18580729318758912,0.19013709315950067,0.6240556136529208
id13760,0.0016868342805564669,0.9979992112423655,0.00031395447705106545
id18166,0.9110533711077144,0.003782466206059245,0.08516416268624964
id23498,0.9746263579940323,0.023717573058251337,0.0016560689477191906
id05296,0.9983586333664192,0.00015141568268105403,0.001489950950897053
id26709,0.8471408609512578,0.09658844622532586,0.05627069282343676
id02853,0.8785821823042648,0.10952347864841203,0.01189433904732056
id06800,0.5251568875796018,0.1005965531653309,0.374246559255075
id14758,0.03421207352255146,0.9337553668123811,0.03203255966504173
id12356,0.9927163704592951,0.0037740277521540787,0.0035096017885499174
id21492,0.7633661075288083,0.20342074196013016,0.03321315051105407
id27540,0.8015976185027492,0.0070964767616390435,0.19130590473559927
id07376,0.1816851435453852,0.5388509303743835,0.27946392608022685
id15201,0.8108067549790751,0.16714382609208092,0.022049418928829154
id23388,0.02417135964438184,0.9465539946595325,0.029274645696098566
id13923,0.032635071540952174,0.9657677814385487,0.0015971470205026486
id00794,0.01159357412125604,0.9875029330379155,0.0009034928408368966
id23910,0.5912336031005989,0.05482704862886199,0.35393934827056206
id02556,0.010654686569825374,0.2877384711208429,0.701606842309337
id22151,0.0004619849848988062,0.9993535904626291,0.00018442455247471478
id11698,0.010229842630704217,0.9718479754756456,0.017922181893645077
id11627,0.5549430527888285,0.12317904382563033,0.32187790338552824
id06340,0.9997197443934422,0.00017060794950243021,0.00010964765703175686
id05123,0.9596789685246655,0.01160439491272668,0.02871663656260223
id26620,0.0050523054298122734,0.00027090325565056313,0.9946767913145148
id04002,0.009460027793560918,0.15612764466948337,0.8344123275369686
id26554,0.08433504015245816,0.7851750370931301,0.13048992275441584
id18012,0.07777168755480934,0.23318638201784261,0.6890419304273736
id12964,0.11032466726908637,0.0028416284212167977,0.8868337043097057
id18965,0.04027231455697853,0.7874551700697285,0.1722725153733091
id19082,0.1945628206271784,0.014519026976860226,0.7909181523959549
id26742,0.027197043153619295,0.0003766183339597445,0.9724263385124379
id15442,0.2453966430565867,0.7151985457330753,0.03940481121033677
id16647,0.3992451705531509,0.08679466584603222,0.513960163600808
id11544,0.3348761972060863,0.0035905986094449255,0.6615332041844868
id20581,0.7163975254616584,0.05338447400758848,0.23021800053074537
id13192,0.2361032214431853,0.6023960020127723,0.1615007765440154
id15814,0.18397744290914736,0.035633801289466714,0.7803887558014032
id26279,0.12287762919891296,0.824859028259696,0.05226334254140447
id00240,0.9886075195071621,0.00613179670598933,0.005260683786855211
id22836,0.9984940671537933,0.00027091886324236256,0.001235013982956424
id15085,0.0026957081774636018,0.9388556567806351,0.05844863504189422
id17495,0.7681033566719678,0.00018455675090532072,0.23171208657711415
id26762,0.6021060663518735,0.2733206343734281,0.12457329927467434
id13685,0.9979721872355432,7.703385580113367e-06,0.002020109378853144
id16560,0.00642378877590902,0.9920598646359846,0.001516346588080757
id17184,7.584233051783733e-05,0.9996586823492167,0.00026547532027587964
id21635,0.9987402717294778,0.0005620317818691213,0.0006976964886645023
id26751,0.36062039813494723,0.5258331537093421,0.11354644815570726
id12351,0.9898607117873266,0.003885723995819237,0.00625356421685082
id14872,0.5102812250925853,0.38176951166656165,0.10794926324085352
id18372,0.7182070175270899,0.2722623982746309,0.009530584198266379
id26851,0.7599861719135598,0.14871507607733594,0.0912987520091088
id22659,0.4663858011023461,0.5244113794970283,0.009202819400642662
id04102,0.000417512338483237,8.509357043437405e-05,0.9994973940911003
id02353,0.004534445386747307,0.9943111735602311,0.00115438105303466
id26721,0.9951655200476968,0.0027923642500165846,0.002042115702302378
id11171,0.8943430971783283,0.027879574628601342,0.07777732819306536
id13562,0.11482194868981004,0.8467898683598,0.0383881829503912
id26425,0.9285548810463088,0.0023301937492090897,0.06911492520448671
id26394,0.7120365441054677,0.02087011860092786,0.2670933372936116
id22187,0.3011461315735771,0.6609945122947248,0.037859356131704894
id00422,0.9790246165933457,0.006751793571219192,0.014223589835465629
id22667,0.001215407646289517,0.9987729526119367,1.1639741790942605e-05
id00911,0.627748028407164,0.12862767630568225,0.24362429528714474
id17291,0.6336316788451066,0.010062368702829371,0.35630595245204283
id01915,0.09014669591321173,0.041087522574284725,0.8687657815124853
id01434,0.003571046081071897,0.003778639608241289,0.9926503143106735
id01584,0.7079622881669781,0.03870414170617042,0.2533335701268439
id09266,0.9236084696866186,0.018699329912683235,0.057692200400714065
id17494,0.00010574918074820164,0.9998506027133593,4.3648105883954084e-05
id24919,0.16470623398894513,0.34333723929429577,0.4919565267167645
id21043,0.051650843830069515,1.8670305953621873e-05,0.9483304858639207
id17796,0.004952394645630448,0.9942414589052821,0.000806146449070312
id02166,0.1666456877657747,0.06312782678690583,0.7702264854473343
id17503,0.980294994757611,0.0007435543547306126,0.018961450887672846
id21203,0.25686750255659396,0.12793204931745025,0.6152004481259529
id25626,0.9991792318413463,0.00020038853454934217,0.0006203796240852517
id09836,0.9994114457759705,0.0003102187592569031,0.0002783354647829133
id24202,0.06281652270098843,0.062183699961837494,0.8749997773371938
id27260,0.8717197507293221,0.07512265735642702,0.053157591914248736
id23167,0.0037032812283748283,0.00047646752425330077,0.995820251247377
id10393,0.0018542281203534818,0.9970849885079778,0.0010607833716700966
id01171,0.33131983743055227,0.6514594440306642,0.01722071853875659
id06380,0.9436947116882762,0.04137295235625547,0.014932335955469677
id22686,0.15163702521317812,0.002368727678217413,0.845994247108624
id26250,0.13144725222695014,0.005851599849558778,0.8627011479234855
id09315,0.09018534883464213,0.8442848796643709,0.06552977150097522
id00886,0.024181494554956752,0.8879863697606108,0.08783213568443853
id03101,0.9202877614924864,0.055948663492231765,0.023763575015296044
id12367,0.6356024919386468,0.018520998547173602,0.34587650951418086
id10770,0.674405054065447,0.028908510221417737,0.2966864357131415
id14949,0.0010671203753373764,0.9987880878973885,0.00014479172728363305
id14141,0.0237348173681066,0.9723811188300114,0.003884063801864301
id25417,0.2918578246265444,0.6963323493805997,0.011809825992850154
id26873,0.3176750025401126,0.19910393752377759,0.48322105993608977
id10818,0.14061317568971796,0.016434795310660447,0.8429520289996282
id15146,0.7463313759193827,0.00366460428275204,0.25000401979787845
id23328,0.8006617948962512,0.15159129744228428,0.04774690766146358
id16765,0.5988198493107407,0.3030676535271417,0.0981124971621275
id24383,0.9760869025921541,0.0013851163714691504,0.022527981036375523
id21304,0.9447836570038501,0.0043291821838801325,0.05088716081225456
id12551,0.010872410525823863,0.9882799326065943,0.0008476568675913635
id23274,0.10339235336191499,0.05954763367596242,0.8370600129621354
id08117,0.7286733188786918,0.005518003572677035,0.26580867754864435
id23961,0.9787567869185374,0.011615595318167981,0.009627617763288843
id13865,0.0066802737555673305,0.9927394556779081,0.000580270566543922
id22807,0.45518916265628256,0.006248094452383746,0.5385627428913153
id08951,0.14214006077067826,0.025873929880918252,0.8319860093484166
id18684,0.9954497830769813,0.00333525435585959,0.0012149625671623657
id25179,0.35002721183542923,0.28622289110532934,0.3637498970592189
id27033,0.9601977847247798,0.0034435114218136285,0.03635870385339051
id13977,0.1262108195278586,0.8383382523620826,0.035450928110071264
id19337,0.0010442791211692955,0.9900905758555586,0.008865145023250658
