id,EAP,HPL,MWS
id02310,0.327489788776869,0.34445119785107636,0.3280590133720546
id24541,0.2967880890243866,0.32985272478220845,0.3733591861934051
id00134,0.3219885180590636,0.35046689270716,0.3275445892337764
id27757,0.31212423847039394,0.3380914957895054,0.3497842657401007
id04081,0.32329081384279496,0.3252975351682827,0.3514116509889224
id27337,0.33265613178333026,0.3753574264280527,0.29198644178861705
id24265,0.3249214237439255,0.3314160605193261,0.34366251573674844
id25917,0.31198396886351804,0.3257803794540745,0.36223565168240746
id04951,0.33042642947755113,0.3636927248460593,0.3058808456763897
id14549,0.3283934867070628,0.33206940727795636,0.33953710601498077
id22505,0.3243547534548978,0.3704065485767497,0.3052386979683525
id24002,0.3049736449694927,0.33285675586454316,0.3621695991659641
id18982,0.32301999998215675,0.3531303328922382,0.323849667125605
id15181,0.32434871104648944,0.3471289657784437,0.3285223231750669
id21888,0.3233253788562982,0.3293450041773192,0.34732961696638265
id12035,0.33220309422903654,0.3413845214560307,0.32641238431493275
id17991,0.3213405827113505,0.330790812209721,0.34786860507892853
id10707,0.3172456684598225,0.3358089055828107,0.3469454259573669
id07101,0.3230665356197018,0.3409452896571989,0.3359881747230993
id00345,0.32379022777192934,0.3414370718629725,0.3347727003650982
id05912,0.32640134601293525,0.33784283732165443,0.3357558166654104
id13443,0.3393323950695672,0.38769829304556913,0.27296931188486373
id09248,0.332178586812256,0.3433861983376274,0.32443521485011667
id17542,0.32055871314321727,0.3191842223918338,0.360257064464949
id06995,0.319714658827998,0.34266994917251603,0.33761539199948604
id25159,0.3271601101275017,0.33342987212322295,0.3394100177492753
id25729,0.322512983764068,0.33967163203292283,0.3378153842030093
id26949,0.3147842856404601,0.31640835473161266,0.3688073596279273
id27191,0.3099324598048755,0.3345331068786566,0.3555344333164679
id07668,0.2997323328861948,0.3324996959130695,0.3677679712007358
id02230,0.32137063644276026,0.33505471047022123,0.34357465308701846
id15553,0.32216136049120403,0.3697391181928512,0.30809952131594487
id25688,0.33514534829719833,0.371810225976329,0.2930444257264726
id17545,0.33472085112317873,0.34872753955840846,0.31655160931841275
id13929,0.3194104060076971,0.31897594901897763,0.3616136449733253
id12880,0.3322383628102784,0.36681051949957433,0.30095111769014726
id19282,0.3112352397378833,0.30762832678404645,0.38113643347807025
id14690,0.33106527634759264,0.33952859080641984,0.32940613284598763
id17975,0.32890374138920864,0.36193481108692926,0.30916144752386215
id08037,0.30185212785689575,0.3185243535237289,0.3796235186193753
id15412,0.3281930405916799,0.3369866893388229,0.33482027006949716
id25032,0.331566658472437,0.33701084283559923,0.3314224986919638
id27165,0.3266917854145466,0.3409377510838837,0.33237046350156974
id03327,0.32344579957856645,0.3432214912878023,0.3333327091336313
id18515,0.31954390189330606,0.3357288771030664,0.34472722100362746
id21003,0.3283614789207297,0.34908125583537564,0.3225572652438946
id23855,0.32097309395124507,0.3263296470930772,0.3526972589556778
id20724,0.3299603583556007,0.3339291336683583,0.33611050797604103
id13303,0.34259969886392094,0.3906636719247255,0.26673662921135366
id16521,0.3213546185338442,0.34385578846498155,0.3347895930011743
id20775,0.31070779403406223,0.3419419636737966,0.3473502422921412
id13029,0.328757305244509,0.3561846422901482,0.31505805246534274
id14660,0.32048795513791445,0.3256836132088058,0.3538284316532797
id11028,0.32185107015777,0.326282799178226,0.351866130664004
id14180,0.3237566404167851,0.3373450042240342,0.33889835535918067
id25860,0.31020720265602963,0.3454467677738615,0.3443460295701088
id11910,0.33012131592282606,0.34104291470174763,0.3288357693754264
id08065,0.32652026435320497,0.33612093817354904,0.3373587974732459
id22674,0.3132483367439954,0.34983211972463124,0.3369195435313735
id25018,0.3130985484132992,0.32012708704452403,0.3667743645421768
id10892,0.3185229895227157,0.35040880350316916,0.33106820697411504
id10217,0.32404676852244485,0.3608784230242462,0.3150748084533089
id12996,0.3270377118699181,0.32795146400035846,0.34501082412972345
id18262,0.3167949456729556,0.3622929280941382,0.32091212623290627
id08606,0.31832327391290455,0.3504607042343182,0.33121602185277715
id17233,0.3272889180438676,0.327704335923638,0.3450067460324944
id00101,0.33223321754891466,0.3473046315518223,0.3204621508992631
id12225,0.33200890304855035,0.336299162176757,0.33169193477469266
id01364,0.32739697694893755,0.3449832412989331,0.32761978175212936
id24973,0.3206220321287898,0.3239290757786363,0.35544889209257385
id25363,0.2768921559555045,0.3293169333769494,0.39379091066754607
id10061,0.3140467330971702,0.33618554852039356,0.34976771838243625
id17673,0.3208485784292421,0.337685268376081,0.34146615319467694
id13249,0.33155256971201075,0.3380327779329427,0.33041465235504663
id10107,0.3172215115762057,0.3274570149435642,0.3553214734802301
id04403,0.29843002364044097,0.3173197134528956,0.38425026290666336
id25728,0.32811006281499744,0.3378337133681909,0.3340562238168116
id16184,0.3226821655718478,0.3221036888270591,0.35521414560109305
id03438,0.3331974599453203,0.35773390746589423,0.3090686325887855
id22923,0.31627091335125745,0.3176357437371991,0.3660933429115434
id08610,0.32884671341555055,0.3553623555070556,0.31579093107739387
id25355,0.32436972825818744,0.33784944991343724,0.3377808218283753
id16916,0.3243972921758759,0.3332234959354289,0.34237921188869525
id12793,0.31776220422508267,0.3579484930113881,0.32428930276352924
id11859,0.33634441430198636,0.3521056845164635,0.3115499011815501
id02434,0.30793241413269323,0.3647023137782823,0.3273652720890244
id27703,0.320009049296105,0.33204689816411176,0.3479440525397833
id25212,0.31652752323550426,0.35545135022585417,0.32802112653864157
id11308,0.32937891863517704,0.3323310796193106,0.3382900017455124
id26094,0.33871782528615446,0.3747633890040019,0.2865187857098436
id22080,0.3330226609197704,0.34103955913902456,0.3259377799412051
id03545,0.33185169284756066,0.3613458925063248,0.30680241464611463
id23725,0.32745949811694586,0.356747996590524,0.3157925052925301
id12009,0.3276613301528686,0.33978044702713023,0.3325582228200012
id24241,0.3271292714509926,0.3278449257212528,0.34502580282775464
id03596,0.3144824609267202,0.3338929222620166,0.35162461681126317
id10749,0.33862274490587024,0.3811097562139187,0.28026749888021113
id22794,0.3239414685231018,0.36084528163040547,0.31521324984649274
id15482,0.32241673841515744,0.35141159106702774,0.32617167051781476
id04833,0.31335148436660964,0.33019347751663997,0.35645503811675044
id00397,0.3140956116153092,0.40644785977228387,0.27945652861240705
id14691,0.3204183491914822,0.37951570043777066,0.3000659503707471
id05193,0.3208172445019848,0.3276583844369447,0.35152437106107043
id19541,0.33963010873688904,0.39543314069722557,0.26493675056588545
id22166,0.3177831136608916,0.3526025235136483,0.3296143628254601
id20744,0.32912445152456915,0.3484255524152311,0.3224499960601997
id10392,0.260687294919588,0.2902094589673871,0.44910324611302493
id00770,0.3222086711439915,0.34943101177175195,0.32836031708425656
id06018,0.32749613943687905,0.33994755638310387,0.3325563041800171
id15678,0.320340740380357,0.3492372080759876,0.3304220515436554
id08305,0.3333247976350923,0.338990464966206,0.32768473739870174
id08903,0.33403961677784544,0.34742366348952947,0.3185367197326251
id14752,0.306578866505534,0.3162933859770136,0.37712774751745237
id12468,0.335181562458056,0.38143266855271857,0.28338576898922535
id05085,0.340217852482592,0.37879354289036116,0.2809886046270467
id21993,0.3222820339282121,0.32723497791545747,0.35048298815633044
id15503,0.3257702268242916,0.3317077360850702,0.34252203709063817
id03021,0.32116897804266314,0.42083865096266676,0.2579923709946701
id16123,0.33182753222922745,0.3884311370487026,0.2797413307220701
id19383,0.3301662430653559,0.3685458997699126,0.3012878571647316
id04186,0.32114141255684076,0.333509222659848,0.3453493647833113
id17954,0.3104137787913581,0.3632670862384004,0.32631913497024156
id12030,0.3319518029451693,0.34001767049107445,0.3280305265637562
id13020,0.3294235140325725,0.3447325633148765,0.325843922652551
id25327,0.30477817203026497,0.32092622019217215,0.3742956077775628
id16344,0.32638482575074035,0.33212030417069416,0.34149487007856555
id12303,0.32034833375875643,0.32656020423477966,0.3530914620064639
id15017,0.2768127245663328,0.3074345243711878,0.41575275106247944
id22308,0.3246113311048432,0.33678845068957236,0.3386002182055844
id06536,0.31968664087935106,0.35624458758438093,0.324068771536268
id19797,0.3247448371368033,0.32569701961797204,0.34955814324522466
id06332,0.33363172592524964,0.3605303125581943,0.305837961516556
id22941,0.31908804431737126,0.32769782483416,0.35321413084846887
id13547,0.33342585480539216,0.3645299399165977,0.3020442052780102
id06928,0.3292136894843431,0.3444389872939613,0.32634732322169563
id12521,0.3237976442805552,0.341465263321119,0.3347370923983258
id25716,0.3233694426282752,0.3232658471257618,0.353364710245963
id27116,0.33108956248748134,0.3503226308143188,0.3185878066981998
id19941,0.31540671452573316,0.32863088699886395,0.35596239847540284
id05711,0.32599689924884534,0.34267692169799396,0.33132617905316064
id02097,0.31075569434924644,0.3284163599047326,0.3608279457460209
id03563,0.3183340714106581,0.34655080083054535,0.3351151277587965
id02295,0.32667374677706607,0.3255679619708187,0.3477582912521152
id08179,0.27594355843608365,0.3654474969332019,0.35860894463071447
id05332,0.32365059526415974,0.3276717660276976,0.3486776387081427
id15697,0.3108254165453872,0.3699589871387576,0.3192155963158553
id17026,0.3285075430417668,0.33517449252811093,0.3363179644301223
id04243,0.32540315317652957,0.34311517368973765,0.3314816731337328
id13175,0.26739216011950856,0.2844267643717318,0.4481810755087597
id05387,0.33881949176937626,0.4035143910068596,0.2576661172237641
id19989,0.3041983375116517,0.3137708198213901,0.38203084266695825
id25173,0.31547113580612896,0.33344496748158253,0.3510838967122885
id08925,0.32465108956602945,0.3363153001225336,0.3390336103114369
id03034,0.3139266351588691,0.32042488305149786,0.3656484817896331
id13272,0.3263880528416391,0.35425036121392384,0.3193615859444371
id07956,0.3261458554171499,0.3475844832506048,0.3262696613322452
id02648,0.3341660443881341,0.34145124028036494,0.324382715331501
id01778,0.32939301850908087,0.3517378800731207,0.3188691014177984
id12846,0.31753120821916914,0.3453672697955401,0.3371015219852907
id19001,0.30875768048227525,0.311913573365388,0.3793287461523367
id05763,0.336231652088167,0.3576502673157062,0.30611808059612683
id15590,0.3281898170039977,0.3408424524696779,0.3309677305263244
id04912,0.32113768380742436,0.3318429466460943,0.3470193695464813
id21201,0.3165266544047485,0.3280218335577811,0.3554515120374704
id13215,0.31871759538534755,0.3205163830509683,0.36076602156368415
id15612,0.32256228309610685,0.3280691024154348,0.3493686144884583
id18501,0.3123425083912902,0.32473058469493143,0.3629269069137783
id07223,0.3258146454559622,0.3295714882578715,0.34461386628616625
id06707,0.3331367593278989,0.3519154813836676,0.31494775928843355
id05238,0.3239137248924808,0.3789697864834721,0.2971164886240471
id00935,0.3166483356095888,0.33615772591760323,0.3471939384728079
id00110,0.2900437993430813,0.30542413429734555,0.4045320663595731
id17476,0.3141630709400261,0.3256913954725376,0.3601455335874362
id15170,0.33011051938983876,0.37887995541707287,0.29100952519308837
id13397,0.3198297194324263,0.33397210463689214,0.3461981759306816
id24283,0.30775863227313816,0.31995824266955436,0.3722831250573076
id15234,0.33759175975005623,0.3625699959020765,0.29983824434786727
id16884,0.3292617493678998,0.3569731544543239,0.3137650961777762
id07831,0.32281932438776323,0.33193648516882107,0.3452441904434157
id16038,0.32897879347229475,0.33360229817129317,0.3374189083564121
id03629,0.31899471504771676,0.3188443008450667,0.3621609841072166
id21019,0.33516752295641744,0.342994158853369,0.3218383181902136
id21835,0.33227415522751647,0.34636288861301245,0.321362956159471
id04480,0.33505308801281897,0.3655985817478139,0.2993483302393672
id20838,0.3326825450009528,0.3609235078243788,0.30639394717466834
id24195,0.3232541421132511,0.323660123661427,0.3530857342253219
id05448,0.33600196404531585,0.3815809028473158,0.2824171331073683
id15957,0.32806979167335437,0.3326221362569952,0.3393080720696504
id19956,0.32361014330517085,0.33602161700682115,0.34036823968800795
id15104,0.3152898702731948,0.3227381411049363,0.36197198862186886
id17559,0.3356121047994727,0.3484034099767896,0.31598448522373784
id16839,0.3305479327408161,0.35523269032995,0.31421937692923385
id14493,0.31861223497064967,0.3246508022131793,0.35673696281617095
id08833,0.3253540209394554,0.35534538465289,0.3193005944076545
id15723,0.33103535854734056,0.3347764523358575,0.3341881891168018
id02716,0.30803847208303187,0.3264288224036821,0.3655327055132861
id06689,0.32148466085485883,0.3343705496279481,0.3441447895171931
id18837,0.32856037981990155,0.35231326508534494,0.31912635509475346
id04466,0.3210782364584795,0.34658863634286957,0.33233312719865105
id00686,0.3282571487599736,0.4059804828135866,0.2657623684264399
id09010,0.33214350253143426,0.3557735415506435,0.3120829559179223
id23353,0.3297990616238676,0.34285817560916804,0.32734276276696433
id00066,0.3212883584387059,0.3212077536950839,0.3575038878662101
id15724,0.3232524316545868,0.3343444866962111,0.34240308164920213
id23486,0.32654976684864284,0.34069443808419053,0.3327557950671667
id22258,0.3254907956861965,0.34042518565955376,0.33408401865424986
id02292,0.3269253859720128,0.33031430794964195,0.34276030607834523
id16356,0.32734890929020216,0.36883459504191574,0.3038164956678821
id00235,0.32760123590413465,0.36077659955598795,0.3116221645398774
id25522,0.3208834879102567,0.3463883537438962,0.332728158345847
id04204,0.32538765989247703,0.33274704476554046,0.34186529534198257
id22016,0.33801617464508693,0.34965281497096595,0.31233101038394706
id06480,0.304562161076463,0.3397738890392347,0.3556639498843022
id08718,0.3251652569727053,0.32983489901629065,0.34499984401100414
id05251,0.3135567299505887,0.3334977808363804,0.35294548921303087
id03359,0.3168338740191664,0.31969036990376576,0.3634757560770679
id16117,0.3214791327694881,0.3518146380274566,0.32670622920305536
id17000,0.33650238697396784,0.3729741410315853,0.2905234719944469
id01730,0.3131491043613457,0.3368503626130336,0.3500005330256208
id00630,0.3051951152974046,0.3061707776124217,0.38863410709017365
id18175,0.3234259383979142,0.3282896239783789,0.3482844376237069
id00907,0.3324315625377582,0.3473018643174789,0.3202665731447628
id18251,0.32156659463785575,0.35240100035369865,0.32603240500844555
id25861,0.33020650838705956,0.33557747539809313,0.33421601621484737
id00398,0.31916605904254386,0.3221771294963409,0.35865681146111517
id27573,0.3272660288931105,0.36655731032660993,0.3061766607802796
id10022,0.3171333230498085,0.3787411889236696,0.30412548802652195
id15901,0.32858050040926884,0.36332696190832675,0.3080925376824044
id00451,0.3150169772159399,0.33095800425955346,0.3540250185245067
id23129,0.3191902228214982,0.33201848393210176,0.34879129324640007
id26498,0.3330588384374051,0.3631253115928471,0.3038158499697479
id14741,0.3221858542770071,0.33447599850749743,0.3433381472154954
id18453,0.32135788253198155,0.3445863353618377,0.3340557821061808
id08309,0.3252849174284928,0.33415491061234137,0.3405601719591658
id00320,0.3131352254667471,0.35579256330626446,0.33107221122698843
id07688,0.3121375262027984,0.31303604175468613,0.3748264320425155
id01556,0.32543105554370566,0.3462608709188184,0.32830807353747593
id00178,0.3239446196974098,0.3721208385027746,0.30393454179981566
id18902,0.33038188152328,0.359475011556053,0.3101431069206671
id27002,0.34068394696379517,0.35572872196716626,0.3035873310690385
id21418,0.3195947786462743,0.3406872856497194,0.33971793570400627
id23018,0.33118473474615184,0.3398279701698262,0.32898729508402197
id07032,0.2872170972749987,0.2874579925752,0.4253249101498012
id16195,0.3365443951551183,0.37651826374265485,0.2869373411022268
id11202,0.3286383153855842,0.34338324743152004,0.32797843718289565
id09578,0.3265431001796486,0.3270934228211151,0.3463634769992363
id26984,0.33706036403361467,0.34999974771590375,0.3129398882504815
id19856,0.30639099989480684,0.3171955353115297,0.3764134647936635
id12086,0.32949872672117736,0.3348478493387314,0.3356534239400913
id12052,0.3323679872480827,0.34245881988100935,0.325173192870908
id17728,0.31553269428856695,0.35111072799078114,0.33335657772065197
id24608,0.3224575747272968,0.3436373639727733,0.3339050612999299
id21097,0.31304965817322744,0.33086786816383684,0.3560824736629358
id20179,0.32931533959589226,0.39014772411522286,0.28053693628888476
id15144,0.3200457712355668,0.31767100417018546,0.3622832245942477
id00206,0.3348297178675609,0.3526494109147351,0.31252087121770405
id22285,0.32708155807857175,0.3371974496615365,0.33572099225989177
id06417,0.31354359116435204,0.3176437542896833,0.3688126545459646
id00215,0.32331286498106254,0.3394590707799434,0.33722806423899404
id04201,0.32044986493577954,0.33426417753797827,0.3452859575262422
id21771,0.3262992016663133,0.3289865605366079,0.3447142377970787
id12451,0.3174426827406966,0.32683497783551774,0.3557223394237857
id14250,0.312698500134567,0.3165277724906908,0.3707737273747421
id03433,0.2848034237933165,0.29401950372944274,0.42117707247724084
id03303,0.3345211901757341,0.3526887457203771,0.3127900641038887
id25901,0.32796941514753764,0.3379339931325264,0.3340965917199359
id06945,0.3223647287102493,0.3394751810501313,0.3381600902396195
id05664,0.3185820630831233,0.31979482306997087,0.3616231138469059
id05741,0.30465102055362203,0.35597359325758987,0.33937538618878804
id10652,0.32870787661561085,0.3335664007257238,0.33772572265866535
id16300,0.3147712322378459,0.34347092855803046,0.3417578392041236
id12319,0.32047430293034007,0.3256260025415848,0.3538996945280752
id07500,0.3026534337769471,0.32543606555718324,0.3719105006658697
id12478,0.3264376159201347,0.3265534884655047,0.34700889561436055
id03076,0.3211000446200864,0.34149432610090763,0.33740562927900586
id00969,0.31108452528167596,0.3154130731910989,0.3735024015272252
id23636,0.3266518198081888,0.3305923306174226,0.34275584957438865
id09791,0.3289467956232344,0.34146450377179777,0.32958870060496787
id05680,0.29167785716314204,0.30489165085077985,0.4034304919860782
id03672,0.33059673485859337,0.3762788809564301,0.2931243841849765
id04286,0.31122224222907435,0.32539664802477986,0.36338110974614574
id23883,0.32607250729973775,0.36642414764052594,0.30750334505973637
id11914,0.3200437359290417,0.32326555164480986,0.35669071242614847
id20974,0.31878821075778124,0.34454101977945545,0.33667076946276325
id26125,0.3212622198220929,0.34009172482863825,0.3386460553492689
id15543,0.32078019687330167,0.3336113494847185,0.3456084536419798
id19471,0.32012390892125653,0.3337557855579554,0.34612030552078804
id11503,0.3201444906684333,0.3274728594485184,0.3523826498830483
id09321,0.3349537691857447,0.3617223550834294,0.30332387573082586
id25560,0.3173970905757527,0.3452578332147874,0.3373450762094598
id06726,0.32934134744851684,0.33975589730950884,0.3309027552419742
id05709,0.3248737797585609,0.349805980171427,0.325320240070012
id09788,0.33280374456519846,0.3529557639390851,0.31424049149571637
id05289,0.32115002323595565,0.3670091485862505,0.31184082817779385
id11815,0.32324284254823066,0.333864965820639,0.3428921916311303
id22422,0.3224542992548512,0.32888708917787496,0.34865861156727385
id25954,0.3216415540929897,0.33394138588319305,0.3444170600238172
id13601,0.32559019313242743,0.3277236498943523,0.3466861569732202
id05677,0.332971882864676,0.35990237337680575,0.3071257437585182
id10498,0.3260146012059747,0.35608560986758936,0.3178997889264361
id02665,0.31666166366823645,0.3216225737241373,0.3617157626076263
id10114,0.30141580082574226,0.3198394593485355,0.37874473982572215
id26314,0.32474122478703293,0.34997809989620327,0.32528067531676386
id21240,0.33175858905531924,0.3410696996309622,0.3271717113137185
id15569,0.3167316728128989,0.3518525553250924,0.33141577186200866
id25928,0.3302710708162881,0.34899820603686016,0.32073072314685175
id22706,0.32399176038061356,0.3447551917510951,0.3312530478682914
id20877,0.3110863371904425,0.35545813348717864,0.33345552932237893
id04318,0.3330677962195406,0.3397653978150557,0.32716680596540365
id18299,0.3126444784272534,0.31660991639993297,0.3707456051728137
id08126,0.31146030088059573,0.34941556452840256,0.3391241345910016
id14293,0.33262436779594423,0.37195759709846715,0.2954180351055885
id12759,0.3257272002026765,0.34127959981943096,0.3329931999778927
id11983,0.32361586809601633,0.34611582921804485,0.3302683026859389
id05580,0.31265893728779715,0.32881830393101447,0.35852275878118833
id25846,0.32931718061814164,0.3447185875056334,0.3259642318762249
id01939,0.3239049212902265,0.3314974889510564,0.3445975897587171
id26327,0.3314510921803388,0.3381794714892138,0.3303694363304474
id11068,0.3224681648115802,0.338566232785392,0.33896560240302775
id08404,0.3412456875389732,0.3898282474070803,0.2689260650539465
id27189,0.33316373668330806,0.3830658349179643,0.28377042839872774
id15119,0.3173533153401794,0.33755671928405956,0.345089965375761
id26525,0.3207720445456958,0.3295065451703457,0.34972141028395853
id03618,0.32823842921105223,0.3412028855507679,0.3305586852381799
id27220,0.3272792564610942,0.3585626274492094,0.3141581160896965
id18777,0.3249435614502713,0.32328257627814033,0.3517738622715883
id20213,0.33500677576118026,0.3438252254863212,0.3211679987524986
id20403,0.3207778309630457,0.34765101297385403,0.3315711560631002
id03777,0.3232959125880358,0.3561110189726531,0.32059306843931107
id10595,0.317188775404084,0.34336828680740905,0.339442937788507
id13816,0.327748479995805,0.3435701009137429,0.3286814190904521
id05667,0.3321989570872196,0.3698025237608853,0.29799851915189507
id24629,0.3271606729903046,0.33250873096256833,0.3403305960471272
id20398,0.32297411558469336,0.34001850219908974,0.33700738221621696
id14108,0.31805559025246777,0.3328097705169081,0.3491346392306241
id06196,0.3112891803548182,0.3254613934871663,0.3632494261580155
id02800,0.3132780691542399,0.3246838415272492,0.3620380893185109
id18732,0.33263557550554324,0.3644590896935027,0.30290533480095405
id11915,0.3324076884787253,0.3659388021355517,0.30165350938572305
id09739,0.31822339404167926,0.32229410918741785,0.3594824967709029
id24672,0.32145352972651525,0.36117366407269924,0.3173728062007854
id00414,0.3005847692307407,0.3416201012458881,0.3577951295233713
id16307,0.32614769040053454,0.34288397163105944,0.33096833796840597
id14043,0.32754428347684234,0.3347077630713536,0.33774795345180414
id00517,0.32007335774009305,0.37277080843727234,0.30715583382263456
id09744,0.30465241076317473,0.3236850166073701,0.37166257262945507
id19257,0.33579101095787345,0.35947815124058696,0.3047308378015395
id15437,0.3217742837941214,0.3382493118288215,0.3399764043770571
id16352,0.3347088242211194,0.35984191546496075,0.3054492603139198
id18849,0.33282061655146605,0.34478703361916624,0.32239234982936765
id19434,0.31406873273957,0.32512785159779883,0.3608034156626312
id17928,0.3266220068308313,0.353089795794654,0.32028819737451475
id16896,0.33458533397006573,0.355737824016222,0.3096768420137124
id02135,0.32552558908915674,0.33175299949449494,0.34272141141634826
id15075,0.3249457942421758,0.3448834131449906,0.3301707926128336
id27486,0.29374891213743415,0.30360843180569896,0.4026426560568669
id19422,0.3172290014475516,0.3293569470222912,0.3534140515301573
id09603,0.3224410886428523,0.32902137661021624,0.34853753474693144
id02133,0.33433870099364327,0.3577304767666116,0.30793082223974516
id03441,0.3067904420546725,0.32664136998843496,0.3665681879568926
id02398,0.33405184169969476,0.3763696305019076,0.28957852779839766
id05152,0.3264477932013326,0.3539143637083124,0.31963784309035503
id17838,0.3264392641434457,0.3369286380676512,0.3366320977889031
id25060,0.30390748330173595,0.30977311086051634,0.3863194058377478
id09998,0.3220353108816564,0.3313954733137615,0.34656921580458205
id01828,0.3223502803262418,0.3478055102853892,0.3298442093883691
id25377,0.3263270501777243,0.33777281241900514,0.3359001374032706
id22175,0.3178860854718408,0.3295440912307567,0.35256982329740244
id02974,0.32796656243224037,0.342708536688707,0.3293249008790527
id26955,0.3111327985867882,0.3169292706845617,0.37193793072865017
id21091,0.31078854929616934,0.3401587051877477,0.3490527455160829
id12802,0.3141974918421216,0.3207475830734138,0.3650549250844646
id07432,0.3340588139334963,0.41007940859914915,0.25586177746735456
id18749,0.32277469427496747,0.3459976856465707,0.3312276200784618
id15030,0.3168459397738243,0.33433695000884234,0.34881711021733336
id17155,0.322580357046265,0.3632597596247939,0.3141598833289412
id08128,0.3233484944021405,0.3473486847593055,0.3293028208385541
id25706,0.30988954201369673,0.32826719852589675,0.36184325946040646
id15645,0.3239118444056305,0.3316165702485969,0.3444715853457726
id04943,0.32369887215005094,0.34220536384637673,0.33409576400357244
id27566,0.3129086297685979,0.36811166175291193,0.3189797084784901
id11765,0.3339611652334789,0.3730579594644142,0.292980875302107
id13783,0.3243488704107522,0.3289452725727625,0.3467058570164852
id00492,0.3255091118523417,0.3453358075283793,0.329155080619279
id27636,0.31360579309507297,0.33307880893458336,0.35331539797034367
id04273,0.32609349141268207,0.3671643789051497,0.30674212968216824
id02537,0.32799896659756256,0.32826709434388984,0.34373393905854766
id24349,0.3388673493598109,0.377897145241597,0.28323550539859205
id00023,0.32741573837326526,0.3604547872058626,0.312129474420872
id23025,0.3009020604502039,0.3052428988277601,0.393855040722036
id08722,0.31130925555831035,0.30858113347836696,0.38010961096332274
id02420,0.28391106959807694,0.28939668807668867,0.4266922423252344
id10811,0.3204471366066796,0.34028694833642986,0.3392659150568905
id04019,0.306882305594276,0.3416142774654302,0.3515034169402938
id18334,0.3278684921181426,0.3347900699792764,0.337341437902581
id16781,0.33205817992032555,0.3355391023436712,0.33240271773600333
id08773,0.32943084981627274,0.35681284277523595,0.3137563074084912
id19214,0.30705241811079387,0.3127050754328167,0.3802425064563894
id09589,0.3158736377770354,0.3185516119572982,0.36557475026566644
id24246,0.2984118703811132,0.3101270186631146,0.3914611109557722
id23577,0.3274229398430998,0.3375287150136908,0.33504834514320936
id09305,0.333616223144214,0.3377858495661369,0.32859792728964904
id16460,0.3288686478980599,0.3383397435783457,0.3327916085235944
id21115,0.31777418473760866,0.32509458442733896,0.3571312308350523
id25996,0.32897587023372266,0.33252174356750724,0.33850238619877
id02551,0.3329431378539416,0.3630587535187797,0.30399810862727866
id19352,0.3211428739377522,0.3355657669258421,0.34329135913640574
id03806,0.31484426067578425,0.3308321547609541,0.35432358456326163
id26544,0.32588922529889575,0.3355289925231569,0.3385817821779474
id18761,0.3263822073023627,0.35894309966287047,0.3146746930347668
id24148,0.30717134890979164,0.3243803227999959,0.3684483282902124
id16095,0.31940831199439906,0.33032523929465124,0.3502664487109497
id18442,0.3116265715632508,0.32992439275738683,0.3584490356793625
id22596,0.324931751988894,0.35472912068482776,0.3203391273262783
id23002,0.3406506942150155,0.3601898524187173,0.2991594533662672
id04797,0.33184482361063145,0.36523762998055576,0.30291754640881285
id06610,0.31845996580167424,0.34091448371568955,0.34062555048263626
id16173,0.3327270446509543,0.33679079934753703,0.33048215600150854
id18292,0.31875807985341936,0.3482472557564842,0.33299466439009645
id27328,0.32165172591149344,0.3300126523541045,0.34833562173440197
id01695,0.31908305318692637,0.3278857471583327,0.3530311996547409
id05761,0.3382118608192695,0.36702561596914685,0.2947625232115836
id16354,0.32109675535049925,0.3375301729985174,0.34137307165098324
id12207,0.32528785173104696,0.3424722940543485,0.33223985421460467
id05665,0.3160385660836374,0.3494896794572762,0.33447175445908645
id01911,0.32712740375434746,0.33351317661687385,0.3393594196287787
id19153,0.3115329487402265,0.3230271271457392,0.3654399241140342
id10295,0.33559464682794055,0.3635553226463871,0.3008500305256725
id23038,0.3357129067516199,0.3475768016617647,0.3167102915866154
id23783,0.34113491667678547,0.38458289346226726,0.2742821898609472
id27879,0.3033437815304224,0.3085051803304146,0.388151038139163
id19190,0.3271777991943439,0.3329159995676513,0.33990620123800475
id05065,0.3284639483909008,0.3449418145720949,0.32659423703700435
id21296,0.3243045893818941,0.3428549992872354,0.33284041133087056
id13262,0.3241145961446545,0.3305882735910747,0.34529713026427084
id10333,0.3248169260108841,0.3652051223535871,0.3099779516355288
id16677,0.3129486035813416,0.40507723580060784,0.2819741606180505
id01392,0.3255300866262134,0.3363775284869581,0.33809238488682836
id27874,0.3333379142765904,0.34213793200394144,0.32452415371946813
id02294,0.3330773440675978,0.339082787344118,0.32783986858828423
id18298,0.3253982077193468,0.3364576425195045,0.3381441497611486
id06997,0.30260751488515514,0.31344424676863214,0.3839482383462128
id05243,0.3286496891887139,0.3303785897478525,0.34097172106343365
id00860,0.2990091095807844,0.32400684578707606,0.3769840446321396
id26681,0.3352812035962936,0.3621661465531254,0.30255264985058095
id06020,0.2997410966803109,0.3365712817680108,0.3636876215516782
id27683,0.32749430990244893,0.34057311687445474,0.3319325732230963
id17655,0.3160515949673165,0.38020350262284835,0.30374490240983515
id08817,0.3198209250723001,0.33876114955692654,0.34141792537077337
id11512,0.3137413963888698,0.33141613670764863,0.35484246690348165
id00478,0.3315299584160408,0.3621843780620923,0.306285663521867
id02116,0.31465748869377846,0.32792490428587856,0.3574176070203429
id06746,0.3356710695055402,0.356303808087481,0.30802512240697866
id03863,0.3314535635331422,0.3341507920874026,0.3343956443794552
id01802,0.32560024162992535,0.3495553391876759,0.3248444191823988
id11682,0.3268194029108135,0.352958088245472,0.3202225088437145
id04033,0.3068730521980846,0.3304395264851375,0.362687421316778
id09286,0.3156191321977868,0.33746304522626497,0.34691782257594833
id12904,0.3197029413101757,0.33570946486941705,0.34458759382040727
id07420,0.3283385539617741,0.37794602489735873,0.29371542114086724
id22398,0.3105881585633799,0.34062393105383454,0.34878791038278556
id00424,0.3163856258497959,0.32796553475078283,0.3556488393994213
id20960,0.3277371513708958,0.3527408360578895,0.31952201257121465
id10267,0.32002620262032194,0.3168557281036772,0.3631180692760008
id19330,0.33121589203433416,0.3597588078003702,0.3090253001652956
id00994,0.3300707880595211,0.3533507599802925,0.31657845196018647
id10785,0.32489449574715573,0.3312485643102097,0.3438569399426345
id00955,0.32431620626728974,0.3284163679521134,0.34726742578059683
id09757,0.3202846236651392,0.340711405189178,0.3390039711456828
id10030,0.33171336552813563,0.33714096679910954,0.33114566767275483
id22952,0.3188565254047006,0.3228422823508157,0.35830119224448376
id21955,0.32982362327054787,0.3490341090108655,0.32114226771858656
id07674,0.3184789591200874,0.32072392275860234,0.3607971181213102
id13760,0.3267746819227267,0.36036445654690774,0.3128608615303656
id18166,0.3098941224187805,0.33542077161423145,0.3546851059669881
id23498,0.3251961780142792,0.3345095105225293,0.3402943114631915
id05296,0.3337597880951918,0.35387015996786786,0.3123700519369403
id26709,0.3274867837819472,0.36488387438428616,0.30762934183376667
id02853,0.3239861088946756,0.3316127623295048,0.3444011287758196
id06800,0.3294481174758693,0.3349080631145192,0.3356438194096116
id14758,0.3058863691632281,0.3265631792190298,0.3675504516177421
id12356,0.3318633073629498,0.3749074405817104,0.2932292520553399
id21492,0.3280695377366291,0.34210304735247776,0.32982741491089307
id27540,0.3169870617889064,0.3900895290826724,0.29292340912842113
id07376,0.3024117529111586,0.3136256603262388,0.38396258676260253
id15201,0.320311143718507,0.3363048836521503,0.3433839726293428
id23388,0.3255690240695669,0.3612069839774428,0.3132239919529903
id13923,0.3087904764547161,0.3196698542667959,0.37153966927848797
id00794,0.3341889358559973,0.3786314213553507,0.2871796427886521
id23910,0.32857968622523065,0.3562845908409054,0.315135722933864
id02556,0.3282739071345755,0.33529788289141377,0.3364282099740108
id22151,0.32738864697471015,0.3717754418635012,0.30083591116178865
id11698,0.33602083925840914,0.34606411242939283,0.31791504831219797
id11627,0.32592202577649587,0.33964379025418157,0.3344341839693227
id06340,0.3222735048163821,0.33632052773543725,0.3414059674481806
id05123,0.32868072636985823,0.3311174256943618,0.3402018479357799
id26620,0.3215670125994064,0.3417577439326725,0.33667524346792105
id04002,0.3150293583544313,0.33019049151265456,0.35478015013291414
id26554,0.3155080209193312,0.3320401551687976,0.3524518239118713
id18012,0.31523246758905665,0.3440560508230883,0.34071148158785497
id12964,0.3268663037561239,0.3293925447285706,0.3437411515153055
id18965,0.33156253592179247,0.36866854855001147,0.299768915528196
id19082,0.31423942208010003,0.31893460241217403,0.3668259755077259
id26742,0.31728167399353785,0.3420965696829819,0.34062175632348024
id15442,0.31839838001226056,0.32157938030573596,0.3600222396820035
id16647,0.32337781357756096,0.32351311136675,0.3531090750556891
id11544,0.3378736521737129,0.3647538988909305,0.2973724489353566
id20581,0.33698327283557417,0.3501164161782078,0.31290031098621796
id13192,0.3256310814007439,0.34954462458437646,0.32482429401487967
id15814,0.3210081118733155,0.33617175798064347,0.342820130146041
id26279,0.3267602857355218,0.34423043878142756,0.32900927548305064
id00240,0.32110436895915023,0.3220825249839911,0.3568131060568586
id22836,0.32240462164015554,0.3533528806152271,0.3242424977446174
id15085,0.30446310822891637,0.32375839257575234,0.37177849919533135
id17495,0.3374055191957319,0.3483152458182325,0.31427923498603566
id26762,0.3084034079473275,0.3220584584015569,0.3695381336511156
id13685,0.3309608948528455,0.3622589238613437,0.3067801812858108
id16560,0.3191506277152127,0.3329133013538651,0.34793607093092216
id17184,0.31469781292120286,0.33167055943361273,0.3536316276451844
id21635,0.28569722089993227,0.299392512809489,0.41491026629057864
id26751,0.3281711756242972,0.3413069768449656,0.33052184753073727
id12351,0.32393789240835535,0.3501938368745556,0.32586827071708907
id14872,0.32014322828746394,0.3159771836690878,0.3638795880434482
id18372,0.3156937979782739,0.3324264861043531,0.35187971591737294
id26851,0.3135430206611053,0.31278323109062134,0.3736737482482734
id22659,0.31842167910261143,0.3372208429750872,0.3443574779223014
id04102,0.3081282476978849,0.32825060421215063,0.3636211480899646
id02353,0.3192552070736674,0.3461140954970871,0.3346306974292456
id26721,0.3086300821420196,0.3385919827672149,0.3527779350907655
id11171,0.3199916199404678,0.3224352938820265,0.3575730861775056
id13562,0.332663607122221,0.33693596138974774,0.33040043148803117
id26425,0.3257326072872566,0.3283492409617321,0.3459181517510113
id26394,0.31525773301867677,0.3177526503135061,0.3669896166678171
id22187,0.328348437905473,0.3315022596938354,0.3401493024006915
id00422,0.29807811623826586,0.3436358931335769,0.35828599062815725
id22667,0.31934879966802227,0.3772383961247653,0.30341280420721234
id00911,0.3223131254242612,0.32496594545168056,0.35272092912405834
id17291,0.30577303778340276,0.3171949343441428,0.37703202787245443
id01915,0.31038613714650365,0.32559427471211794,0.3640195881413785
id01434,0.32826328303701274,0.33115949191400346,0.3405772250489838
id01584,0.3315978423311151,0.3372959317129618,0.33110622595592315
id09266,0.3251365250866773,0.3561982508867006,0.31866522402662206
id17494,0.32327219951381075,0.3339211621678617,0.34280663831832753
id24919,0.3284763081733705,0.3353411129675033,0.3361825788591262
id21043,0.30881115527978525,0.39299597939511943,0.2981928653250952
id17796,0.3288978383620441,0.36607825535461114,0.3050239062833447
id02166,0.319074703700383,0.3669279566665165,0.3139973396331005
id17503,0.32199662539042817,0.34207341741637876,0.33592995719319313
id21203,0.33146884414984373,0.3340903542481508,0.3344408016020054
id25626,0.30566540212648446,0.34988514548222394,0.3444494523912916
id09836,0.3310456055701945,0.3456836839154748,0.3232707105143306
id24202,0.3370989587287184,0.37080288721438875,0.29209815405689277
id27260,0.32733894499785393,0.33655533233843166,0.33610572266371447
id23167,0.32225992013590254,0.3482611609037021,0.3294789189603954
id10393,0.32126798587088157,0.3248427687115403,0.3538892454175781
id01171,0.31349930384426344,0.3242576187976045,0.3622430773581321
id06380,0.3237059248614183,0.3381543312619225,0.3381397438766593
id22686,0.32139056454433523,0.3347439096499233,0.3438655258057415
id26250,0.3292212764243091,0.33564264545577854,0.33513607811991225
id09315,0.32848174968433397,0.3443644720641059,0.32715377825156006
id00886,0.33082544776165745,0.341609930758554,0.3275646214797885
id03101,0.3081227966401428,0.31808696863580943,0.37379023472404777
id12367,0.3278720935221048,0.3347501254052957,0.33737778107259947
id10770,0.3247418796793571,0.3270595800966203,0.3481985402240226
id14949,0.3265718449445613,0.349330690989043,0.32409746406639567
id14141,0.323633056563304,0.36606253216859785,0.3103044112680982
id25417,0.32221464818350165,0.340450903793933,0.33733444802256535
id26873,0.323361410333286,0.3521035130579299,0.32453507660878417
id10818,0.31251522072473104,0.31134520259940485,0.3761395766758642
id15146,0.3229626269777159,0.32128453391914336,0.3557528391031408
id23328,0.3005802236451871,0.3151037038641984,0.3843160724906145
id16765,0.31070645044567463,0.3303917143974145,0.3589018351569109
id24383,0.30709118113891903,0.325779688065487,0.36712913079559384
id21304,0.31915242696286816,0.3383918310047483,0.3424557420323836
id12551,0.30706376923447526,0.3360805794478123,0.35685565131771246
id23274,0.30905290181951084,0.3234571753735895,0.36748992280689974
id08117,0.33191789767392565,0.34914164445839874,0.3189404578676755
id23961,0.3207199863267657,0.35246962103804735,0.3268103926351869
id13865,0.3381300831301198,0.37359186155488266,0.28827805531499756
id22807,0.3268222856805331,0.3521530722517796,0.32102464206768727
id08951,0.334578698955097,0.34476249762953715,0.3206588034153659
id18684,0.32789787460602277,0.33965213410003126,0.33244999129394587
id25179,0.329301915604286,0.35609596114383546,0.3146021232518784
id27033,0.29671398876961547,0.33651470164717456,0.36677130958321
id13977,0.3357089363596252,0.3515099597132154,0.3127811039271594
id19337,0.3158401702441303,0.3358792857695006,0.3482805439863691
id25764,0.3006455027318707,0.33273641753490196,0.3666180797332274
id16106,0.33137765720299667,0.369422280625748,0.29920006217125544
id05468,0.3026819130471521,0.30988163947026354,0.3874364474825843
id05241,0.3304233709102025,0.356193706296635,0.31338292279316254
id10215,0.33050026469617894,0.34743412276111574,0.3220656125427054
id23457,0.3231888073621261,0.34810899697893116,0.32870219565894276
id02200,0.29870686413829234,0.45583767108901185,0.2454554647726958
id13714,0.32400567165562155,0.3356227946456072,0.34037153369877127
id20332,0.3203129425852332,0.382570168834453,0.2971168885803139
id18573,0.3180122735171047,0.3339183495272174,0.3480693769556779
id08569,0.2924256552873865,0.4134835402213181,0.2940908044912954
id22767,0.3083854526162016,0.32215608993068323,0.36945845745311506
id25390,0.33016105749527963,0.34452818746616987,0.3253107550385505
id09288,0.3137332599591928,0.3339926364483652,0.35227410359244193
id12381,0.3191668848489584,0.3335085621388506,0.34732455301219106
id02895,0.3209473978814822,0.3318590287058833,0.34719357341263457
id25270,0.31782711764623833,0.3829843797302089,0.2991885026235529
id14248,0.32918355281684825,0.33074960908404605,0.34006683809910565
id12831,0.30861261248396354,0.3376692062904884,0.353718181225548
