id,EAP,HPL,MWS
id02310,0.2969944164542391,0.09155753589755264,0.6114480476482079
id24541,0.7877307208784374,0.12185367255083646,0.09041560657072778
id00134,0.47246220779541753,0.4575715230965098,0.06996626910807194
id27757,0.6418904153052093,0.3106735775532828,0.04743600714150714
id04081,0.7389484352323707,0.16969553789573338,0.09135602687189581
id27337,0.5094505708170931,0.38916092783181977,0.10138850135108698
id24265,0.5379663412881177,0.36604786145634727,0.09598579725553474
id25917,0.11732081484356896,0.41520424748158935,0.4674749376748416
id04951,0.8637947788927043,0.09951070228022033,0.03669451882707561
id14549,0.767924652385148,0.07807708109916489,0.1539982665156872
id22505,0.21297852378473314,0.3124118996942985,0.474609576520967
id24002,0.04301459525991663,0.9399349365933337,0.017050468146748956
id18982,0.3272430728341701,0.40792595494531503,0.2648309722205157
id15181,0.24655308429335093,0.7010498933157645,0.052397022390885055
id21888,0.2986414419107374,0.26838763435125224,0.43297092373800994
id12035,0.032890145006289735,0.018336522214819462,0.9487733327788911
id17991,0.43463294264451613,0.12477933116903404,0.4405877261864498
id10707,0.9739814479605963,0.012120571576169407,0.013897980463234838
id07101,0.3930227313412985,0.2935900141416672,0.3133872545170339
id00345,0.3212691304576788,0.547313392287897,0.13141747725442438
id05912,0.7800773260184728,0.0982399838643079,0.12168269011721902
id13443,0.5932636433394194,0.1751372247906866,0.23159913186989448
id09248,0.39033437351119027,0.3212218336764936,0.2884437928123159
id17542,0.2025091827646266,0.7288291599436338,0.06866165729173955
id06995,0.13797208677533343,0.05353585422432648,0.808492059000341
id25159,0.7175301632215944,0.10354973889541166,0.178920097882994
id25729,0.5023873025794916,0.41169299860713304,0.08591969881337459
id26949,0.8430532601799912,0.11187558602625608,0.045071153793753246
id27191,0.47326229332491776,0.19473555543857451,0.33200215123650767
id07668,0.3962188231648127,0.06253879037897038,0.5412423864562156
id02230,0.2979536493683219,0.3319044261255847,0.37014192450609407
id15553,0.8075780426575644,0.07067105857870648,0.12175089876372952
id25688,0.17384969747903267,0.6571053481998178,0.16904495432114894
id17545,0.793249352607758,0.0930128604040424,0.1137377869881995
id13929,0.1641846220706638,0.6064327787646699,0.22938259916466647
id12880,0.534687208111081,0.30326026419056096,0.16205252769835854
id19282,0.4181531255698515,0.13117340795231106,0.4506734664778369
id14690,0.09519504874126578,0.036688856140285483,0.8681160951184492
id17975,0.13181589188431325,0.7118936981353965,0.1562904099802912
id08037,0.5829560110086218,0.08777443998316611,0.3292695490082119
id15412,0.41898319725957256,0.132176866699601,0.44883993604082606
id25032,0.18426398512496822,0.11738984136755676,0.6983461735074752
id27165,0.9024112410282664,0.055901910344955424,0.04168684862677903
id03327,0.569120831298293,0.30099115230771,0.1298880163939965
id18515,0.717863013149401,0.09036629689317976,0.19177068995741986
id21003,0.33554107580369685,0.07579344726652479,0.588665476929779
id23855,0.04197651667517033,0.7562739011556892,0.20174958216914052
id20724,0.6803408323406055,0.19840870225495455,0.12125046540443969
id13303,0.4877980948797071,0.18110446354686874,0.3310974415734248
id16521,0.049611903369416704,0.19835838983799092,0.7520297067925928
id20775,0.7940987968697613,0.1636201738199044,0.042281029310333805
id13029,0.9191400838157153,0.04048536595183012,0.040374550232454516
id14660,0.6556165910667429,0.23424960457433516,0.1101338043589219
id11028,0.094578795371517,0.032034991124570866,0.8733862135039119
id14180,0.6557797034527069,0.2319820432632275,0.1122382532840654
id25860,0.9587634889243137,0.03154635873546579,0.009690152340220134
id11910,0.6164208054268561,0.09737427132011403,0.2862049232530303
id08065,0.26773296662488716,0.19391246761855951,0.5383545657565534
id22674,0.16554436705059294,0.11290790372868104,0.7215477292207264
id25018,0.34159348759369823,0.09127781894622955,0.5671286934600723
id10892,0.3046223826419616,0.6219851332330315,0.07339248412500671
id10217,0.38947402710045753,0.560404534759664,0.050121438139879154
id12996,0.18676079157444808,0.4375057045160823,0.37573350390946947
id18262,0.4616741090762414,0.24637625526514256,0.291949635658616
id08606,0.10491331402740982,0.8172419382335285,0.07784474773906147
id17233,0.6698193901618128,0.107537692150347,0.22264291768784014
id00101,0.3066296386816387,0.07277002435279908,0.6206003369655625
id12225,0.7467809405135252,0.17882449159929137,0.07439456788718338
id01364,0.23243745357243029,0.6758195794834865,0.09174296694408396
id24973,0.49639583267516896,0.21780947312631843,0.2857946941985131
id25363,0.46400512598349214,0.05792787309931129,0.4780670009171968
id10061,0.5063625404467554,0.13979601002812997,0.353841449525114
id17673,0.3812608328136963,0.4565932213746792,0.16214594581162475
id13249,0.304987566319722,0.19458591323142804,0.5004265204488503
id10107,0.08034647359971506,0.03943378236903165,0.8802197440312534
id04403,0.6892119436908584,0.035095258753386524,0.27569279755575576
id25728,0.7764592745946677,0.06324784295547112,0.1602928824498613
id16184,0.42972183353838245,0.10278854938660002,0.46748961707501707
id03438,0.07958787754451549,0.005529026502710998,0.9148830959527743
id22923,0.26864355636794185,0.6768444383088645,0.05451200532319317
id08610,0.7729799492034959,0.0916506213899001,0.1353694294066033
id25355,0.25579080740876803,0.1779239610685165,0.5662852315227154
id16916,0.44542686952983823,0.44183360268399885,0.11273952778616309
id12793,0.5896715551204648,0.2983242886707388,0.11200415620879571
id11859,0.40624525329687655,0.18472868820872682,0.4090260584943959
id02434,0.9128860131662917,0.0647146393948933,0.0223993474388166
id27703,0.07899975641628307,0.046780793659441974,0.8742194499242744
id25212,0.29832827106596344,0.6289105104665285,0.07276121846750783
id11308,0.06171305870544096,0.2580181065311895,0.6802688347633692
id26094,0.37536081577197883,0.4544130643653259,0.17022611986269529
id22080,0.7222588953095874,0.25795623509811316,0.019784869592299203
id03545,0.6598120997514886,0.28019851812934865,0.059989382119161966
id23725,0.10409043777682524,0.11840436521427868,0.7775051970088956
id12009,0.4652497171248093,0.31471614005875537,0.22003414281643557
id24241,0.35454662417939253,0.25923605104645897,0.3862173247741483
id03596,0.35566849200607853,0.534546414267608,0.10978509372631404
id10749,0.2869863112658843,0.53372423301197,0.17928945572214608
id22794,0.1344191965110813,0.1496337412364363,0.7159470622524817
id15482,0.4299183431553608,0.21392160438409275,0.3561600524605456
id04833,0.559844580005437,0.3070293616768778,0.13312605831768476
id00397,0.15960698655750274,0.008437010252329893,0.8319560031901688
id14691,0.20187605968252031,0.0766544825440697,0.7214694577734106
id05193,0.20505402324273092,0.03426061862187955,0.7606853581353894
id19541,0.8244799325908287,0.12142526610003634,0.054094801309134646
id22166,0.10304448824279241,0.06477729523083225,0.8321782165263755
id20744,0.05661145461279195,0.02615217893697635,0.9172363664502317
id10392,0.06665259286989204,0.019044073612701683,0.9143033335174056
id00770,0.6234032335858949,0.2335540565819162,0.14304270983218953
id06018,0.19980668321667844,0.6577489922280946,0.14244432455522626
id15678,0.2247776468153792,0.11515894595649201,0.6600634072281291
id08305,0.7799228820200517,0.1800516509195786,0.04002546706036953
id08903,0.5468618639490255,0.2054383352495987,0.24769980080137588
id14752,0.5686378848758473,0.34404551952553053,0.08731659559862243
id12468,0.2662232985367559,0.6639674455033278,0.06980925595991687
id05085,0.4692363746227639,0.3345770862524047,0.19618653912483158
id21993,0.12040329210441157,0.021707437368876363,0.8578892705267125
id15503,0.7243410815147524,0.2318882351628972,0.043770683322349735
id03021,0.04464723977272362,0.8816263305419919,0.0737264296852832
id16123,0.9299605215113003,0.04983526919482697,0.020204209293873513
id19383,0.819138089589686,0.1189641337703469,0.061897776639967275
id04186,0.9549164430598288,0.026802495753118973,0.01828106118705271
id17954,0.14260843706310905,0.014722322315545457,0.842669240621347
id12030,0.37986512627777214,0.03857203755664531,0.5815628361655829
id13020,0.6022313525156304,0.3454362644446051,0.05233238303976405
id25327,0.14551836145670927,0.5454774261598916,0.30900421238340037
id16344,0.2179260124163455,0.2035561512831393,0.5785178363005148
id12303,0.303964453371548,0.5276211575431335,0.1684143890853177
id15017,0.6657826465365488,0.1990330105407318,0.13518434292271825
id22308,0.49613506416363956,0.14957368435002016,0.3542912514863398
id06536,0.13675450485231136,0.2977337693895643,0.5655117257581244
id19797,0.12444326830370664,0.7614536371353872,0.11410309456090653
id06332,0.346088340361951,0.46347525749668594,0.19043640214136334
id22941,0.4390864119489705,0.17000142548167624,0.3909121625693535
id13547,0.1530680879640283,0.17919386457463482,0.6677380474613361
id06928,0.0848148737195468,0.02323289488059946,0.8919522313998538
id12521,0.4740597791911481,0.40514957790431083,0.1207906429045404
id25716,0.4225417612033461,0.022390109233385747,0.555068129563268
id27116,0.007657731147118058,0.0022264419078471946,0.9901158269450353
id19941,0.2833822155410169,0.5950095731127321,0.1216082113462516
id05711,0.035579457988748786,0.07438650508028313,0.8900340369309687
id02097,0.02902831040948882,0.10641588552451883,0.8645558040659924
id03563,0.1483885863125003,0.8188012460609349,0.03281016762656473
id02295,0.29432008615993527,0.5160851106134058,0.18959480322665845
id08179,0.9063042921748842,0.07073650781259966,0.022959200012516542
id05332,0.11265825411464628,0.7889457264964588,0.09839601938889564
id15697,0.5069032151011066,0.24732892722567001,0.24576785767322362
id17026,0.4332302469492312,0.1051912262314186,0.4615785268193504
id04243,0.7278103531391231,0.16322572178916173,0.10896392507171507
id13175,0.9034061534812101,0.05647999570607069,0.040113850812719835
id05387,0.7671727832055372,0.09485157023297175,0.137975646561491
id19989,0.571941244502069,0.2801035963325327,0.14795515916539842
id25173,0.4315840543294489,0.1926607978339548,0.37575514783659647
id08925,0.18966749976581598,0.7438465827322791,0.06648591750190445
id03034,0.18437802529884004,0.6996972095480378,0.11592476515312133
id13272,0.11104601231177173,0.8242215711093264,0.0647324165789024
id07956,0.800637470830089,0.11737113166974766,0.08199139750016371
id02648,0.08221935643358844,0.095435926266099,0.8223447173003127
id01778,0.22261912063138561,0.047121795070093966,0.7302590842985202
id12846,0.0892553351318511,0.02167836221550476,0.8890663026526435
id19001,0.20379607746875836,0.09959396245865271,0.6966099600725884
id05763,0.6381264049527579,0.1307941624902466,0.23107943255699515
id15590,0.07053881337426574,0.02661871992270015,0.9028424667030345
id04912,0.5459667820330102,0.22055205948374082,0.23348115848324819
id21201,0.711080348923028,0.16053268270887897,0.1283869683680938
id13215,0.8011913438276786,0.08112736710208802,0.11768128907023308
id15612,0.15313837592837629,0.6955733890974003,0.1512882349742235
id18501,0.2351142228273861,0.18132622830280995,0.5835595488698047
id07223,0.2235447883673107,0.5975664757919004,0.17888873584078896
id06707,0.44452454187785606,0.3663645227882026,0.18911093533394085
id05238,0.047140284907796745,0.9237795563283451,0.02908015876385947
id00935,0.1519717465314529,0.26824770179240653,0.579780551676141
id00110,0.5912896202626305,0.24242447139346596,0.16628590834390522
id17476,0.7157811642882206,0.17076832439317913,0.11345051131860096
id15170,0.7879499078719302,0.10322583859294165,0.10882425353512859
id13397,0.4595539896917884,0.2588118896065533,0.2816341207016585
id24283,0.3509549112660064,0.45417450677972016,0.19487058195427268
id15234,0.7956264709672416,0.13958753172485122,0.06478599730790632
id16884,0.3960139763012629,0.3773800229037566,0.22660600079498044
id07831,0.23679861558605153,0.420840299857925,0.3423610845560231
id16038,0.7842860236639867,0.161961532188798,0.05375244414721558
id03629,0.7269089646205898,0.13101445046894608,0.14207658491046413
id21019,0.5585089184676637,0.28372582562003335,0.1577652559123029
id21835,0.33099930557610646,0.21062644240767298,0.4583742520162202
id04480,0.07248187373686074,0.9088279829153976,0.01869014334774164
id20838,0.3406942239702436,0.4420031040425605,0.2173026719871961
id24195,0.16644417449703766,0.411172740643587,0.4223830848593756
id05448,0.4934850471382195,0.3226028867983044,0.1839120660634766
id15957,0.12013758738734306,0.8380650413417113,0.04179737127094568
id19956,0.08214253096600438,0.01196290992415771,0.9058945591098375
id15104,0.1587317303354836,0.2906579610053579,0.5506103086591578
id17559,0.4779904775523397,0.3683763419661767,0.15363318048148328
id16839,0.5122050594831858,0.1396400070819599,0.3481549334348542
id14493,0.45402695530431014,0.0835780568762344,0.4623949878194552
id08833,0.6609912825731574,0.1332368695610452,0.20577184786579755
id15723,0.2156957882877528,0.2318527427474904,0.552451468964757
id02716,0.8339969468331364,0.12263812300580978,0.04336493016105415
id06689,0.10603623521918498,0.8387873688546477,0.055176395926167646
id18837,0.44125881445645243,0.21935009338313302,0.3393910921604152
id04466,0.6521663384611966,0.18718904861854868,0.16064461292025475
id00686,0.7700370450202616,0.10095606775529165,0.12900688722444703
id09010,0.35030313168367844,0.5837903780294327,0.06590649028688907
id23353,0.7534140239084717,0.11768227830861214,0.12890369778291585
id00066,0.6942795138106972,0.2253914605965709,0.0803290255927319
id15724,0.17162634295781828,0.7001376030013275,0.12823605404085353
id23486,0.27795270884122536,0.04022444182225239,0.6818228493365217
id22258,0.15633447045034168,0.07504838895990862,0.7686171405897506
id02292,0.7708299383319963,0.12250633674111716,0.10666372492688639
id16356,0.31880109305724585,0.1388431211761907,0.5423557857665647
id00235,0.6888632980006706,0.14985323324495686,0.16128346875437186
id25522,0.3143849628651296,0.06022796239114041,0.6253870747437291
id04204,0.14837797105190534,0.8029458478855865,0.048676181062507984
id22016,0.6354738520771877,0.1365630074416458,0.22796314048116675
id06480,0.16384642736085328,0.7206285971407995,0.11552497549834684
id08718,0.09889184325205219,0.03518039521225086,0.8659277615356975
id05251,0.10284595992603042,0.8139472470682365,0.08320679300573317
id03359,0.4893057429990912,0.26861429092666766,0.2420799660742406
id16117,0.10888586729414032,0.0259993881146586,0.8651147445912009
id17000,0.0698316810715832,0.8833765177973032,0.046791801131112754
id01730,0.34289935973383906,0.5133147431193477,0.14378589714681383
id00630,0.6097312233593712,0.252078216123976,0.13819056051665324
id18175,0.21637944947797227,0.08543295850389082,0.6981875920181377
id00907,0.7672908545687754,0.07995885350028525,0.15275029193093964
id18251,0.17247689815423722,0.7747880160816123,0.05273508576415157
id25861,0.6102197114891541,0.17825959724681767,0.21152069126402862
id00398,0.461285587579284,0.329495258179168,0.20921915424154863
id27573,0.8951080284284689,0.0236518678725755,0.08124010369895462
id10022,0.09791688994725994,0.6552968030024112,0.24678630705032828
id15901,0.2301984432320084,0.05584355489938293,0.713958001868609
id00451,0.3399852021157511,0.1504655161328516,0.5095492817513965
id23129,0.1728129055984673,0.6910722671806899,0.13611482722084295
id26498,0.4477078592680305,0.2544620512660312,0.2978300894659376
id14741,0.1992249562643593,0.2996381025240672,0.501136941211573
id18453,0.4093645271107743,0.061174967885040205,0.5294605050041861
id08309,0.7741593735992014,0.07900125057367782,0.14683937582712142
id00320,0.8171544712139862,0.07363799488893777,0.10920753389707683
id07688,0.24380220467070876,0.10598248955469478,0.6502153057745963
id01556,0.4001360912470546,0.04678095709324149,0.5530829516597048
id00178,0.28839729711365636,0.10747201653519303,0.6041306863511504
id18902,0.33752023069820336,0.2385831875072524,0.4238965817945436
id27002,0.7513412891732746,0.1659847538112658,0.08267395701545949
id21418,0.8774889449335521,0.08059142036598427,0.041919634700463546
id23018,0.29877047681227886,0.28167296150731064,0.4195565616804101
id07032,0.32483857378910885,0.5034360904816889,0.1717253357292027
id16195,0.5396502279357833,0.09118437061289603,0.3691654014513199
id11202,0.22269432029033426,0.497783478217499,0.27952220149216755
id09578,0.48184999889538266,0.13390817633978852,0.3842418247648291
id26984,0.6675710933166293,0.05978410812757117,0.2726447985557997
id19856,0.11044593124711066,0.843760373404556,0.04579369534833394
id12086,0.49055723665298545,0.11107019964866416,0.39837256369835067
id12052,0.17051012022873469,0.09559001562676153,0.733899864144504
id17728,0.1580516303470898,0.04944663879884009,0.7925017308540705
id24608,0.6939584273890063,0.2091462271491445,0.0968953454618498
id21097,0.34423921012386943,0.1414727621109405,0.5142880277651902
id20179,0.05443038815072718,0.01145740224193066,0.9341122096073413
id15144,0.509163019371301,0.3458522782452105,0.1449847023834881
id00206,0.8132383163340999,0.06048843695821671,0.12627324670768356
id22285,0.0739611579649106,0.02526181787688369,0.9007770241582062
id06417,0.273280880155917,0.38318552869093764,0.34353359115314563
id00215,0.1400684939547134,0.8371945649161268,0.022736941129159347
id04201,0.12917179174089982,0.07353919191724688,0.7972890163418536
id21771,0.8495295152346964,0.09832138969107473,0.052149095074229546
id12451,0.31824539269534996,0.40713144663036144,0.2746231606742894
id14250,0.14057147380859777,0.666944168995292,0.19248435719610932
id03433,0.21918346282528584,0.6249823455671432,0.15583419160757128
id03303,0.18815961116708618,0.12096771202054998,0.6908726768123647
id25901,0.407844244441253,0.2787593974137641,0.3133963581449837
id06945,0.5910953224034523,0.1289477084287059,0.2799569691678414
id05664,0.33392731973525147,0.4644970327901611,0.20157564747458775
id05741,0.9342114069926934,0.03714661709984163,0.02864197590746624
id10652,0.2100036202110908,0.2162133575416983,0.5737830222472105
id16300,0.8581053156011899,0.06476540392294325,0.0771292804758663
id12319,0.5423911035620415,0.2011264415146332,0.25648245492332566
id07500,0.23292283003407732,0.7489092354214113,0.018167934544511998
id12478,0.2771592197170017,0.3876031539510883,0.33523762633191
id03076,0.27507398699401875,0.05244024713484248,0.6724857658711391
id00969,0.26990117210585446,0.5195379670949266,0.2105608607992192
id23636,0.12458843285141799,0.7779843141408012,0.09742725300778113
id09791,0.0853611278964547,0.10925905872956442,0.8053798133739811
id05680,0.12371018865392049,0.4934494846132965,0.3828403267327831
id03672,0.2763100055689753,0.26596030310961893,0.45772969132140506
id04286,0.10716194669392445,0.7558933293410752,0.1369447239649999
id23883,0.0805593549438344,0.36960816392360873,0.5498324811325566
id11914,0.5752179956017193,0.1844041889911165,0.24037781540716344
id20974,0.19949507062806188,0.7072174913674039,0.09328743800453349
id26125,0.28799070396890586,0.337969667248687,0.37403962878240815
id15543,0.36826431336664744,0.1914921122462372,0.4402435743871145
id19471,0.9186280280486477,0.014749129679121708,0.06662284227223121
id11503,0.647766588559801,0.25299372833188216,0.09923968310831714
id09321,0.06890657144096629,0.7583182622909352,0.1727751662680984
id25560,0.025778830760914452,0.02697161021247671,0.9472495590266083
id06726,0.20244027810098153,0.1946481705921667,0.6029115513068514
id05709,0.8059749448347289,0.07184949796853135,0.12217555719673978
id09788,0.3777647423527666,0.4911633695619309,0.13107188808530307
id05289,0.9188935705479091,0.06482330784792853,0.01628312160416242
id11815,0.05689843827994685,0.8954486371669736,0.047652924553079616
id22422,0.3505238232983303,0.25984646502257647,0.38962971167909294
id25954,0.706550924284018,0.036649774595637875,0.2567993011203439
id13601,0.4492002428267362,0.37683916169435844,0.1739605954789052
id05677,0.6794038108127092,0.0899217919280309,0.23067439725925917
id10498,0.1672442995317847,0.7907881135274899,0.041967586940726054
id02665,0.4429758939388082,0.46787624474936307,0.0891478613118296
id10114,0.1264769618464799,0.60570804477507,0.26781499337844994
id26314,0.5436267917259857,0.2716674312487197,0.18470577702529398
id21240,0.24761610564895234,0.13340339536414186,0.6189804989869054
id15569,0.789605428693815,0.13484251289665117,0.07555205840953323
id25928,0.3715666775450204,0.1763964523403097,0.45203687011467064
id22706,0.29417133912501187,0.6298512319808354,0.07597742889415283
id20877,0.05830325188111685,0.8687732316068257,0.07292351651205693
id04318,0.655562322786809,0.12249847547718079,0.22193920173601034
id18299,0.20856078461862346,0.638578917782086,0.15286029759929026
id08126,0.1277167413242974,0.02276127669867769,0.8495219819770256
id14293,0.556396570663549,0.057284772871385795,0.38631865646506564
id12759,0.8680278322158531,0.05796983583332222,0.07400233195082392
id11983,0.5634145954294185,0.12049752188022994,0.3160878826903515
id05580,0.35028793574874006,0.4359299653516155,0.213782098899645
id25846,0.44539595204010796,0.3352314549241643,0.21937259303572715
id01939,0.3947771628276846,0.11692561258552528,0.48829722458678926
id26327,0.21358254365471174,0.42304981449538925,0.36336764184989856
id11068,0.19529833095916932,0.10079958643866356,0.7039020826021678
id08404,0.5982930160979107,0.1384426361490912,0.2632643477529981
id27189,0.7145036484631955,0.23190768946148366,0.05358866207532151
id15119,0.20767241600431843,0.541742165755291,0.2505854182403904
id26525,0.823999251102177,0.05183634770371836,0.12416440119410427
id03618,0.24753784871712198,0.5196067084333724,0.23285544284950593
id27220,0.8691458267520895,0.05758868473870614,0.07326548850920404
id18777,0.12544991323497262,0.03281014832419038,0.8417399384408368
id20213,0.6939404437277652,0.1498298485850648,0.15622970768716954
id20403,0.5143570108947986,0.41223253261079223,0.07341045649440961
id03777,0.3424197336634879,0.12127350981110734,0.5363067565254054
id10595,0.3988710114840903,0.44619628861754135,0.15493269989836767
id13816,0.503739474971805,0.039616297798950595,0.4566442272292449
id05667,0.15301700143182506,0.14613692166963435,0.7008460768985403
id24629,0.30129840167540056,0.13249415457129815,0.5662074437533013
id20398,0.20191640342069278,0.48389875163899687,0.3141848449403095
id14108,0.11991935194194778,0.051537375165264465,0.8285432728927882
id06196,0.03827270663469005,0.9358976902345327,0.025829603130776844
id02800,0.10884783361181051,0.7832954565092525,0.10785670987893728
id18732,0.074647740675367,0.880598273520617,0.04475398580401624
id11915,0.2963259966920449,0.5583237954448509,0.1453502078631042
id09739,0.5265015625620837,0.12661870745560733,0.346879729982309
id24672,0.7336354041205927,0.19193141817198467,0.074433177707422
id00414,0.07771702995205425,0.17000278574151728,0.7522801843064275
id16307,0.3515571038226861,0.39588123189904034,0.252561664278274
id14043,0.27748991230502773,0.11733079978696262,0.6051792879080096
id00517,0.00556816199116653,0.005755677587612184,0.9886761604212202
id09744,0.7020401931566336,0.2442401940603589,0.05371961278300786
id19257,0.6842654808604369,0.17613401539059625,0.13960050374896638
id15437,0.5118560906381568,0.4099061276594568,0.07823778170238582
id16352,0.40070337573201564,0.09363443253801776,0.5056621917299668
id18849,0.35310794994173234,0.28279278179678874,0.3640992682614785
id19434,0.032395808056825404,0.9413693114277147,0.026234880515460347
id17928,0.3075386100261303,0.126300085278058,0.566161304695811
id16896,0.19694027051386173,0.05951880329146689,0.7435409261946708
id02135,0.26227743295889666,0.420279981232336,0.31744258580876705
id15075,0.6747164370397649,0.1575224202233167,0.16776114273691883
id27486,0.10674408470900112,0.8111181458275614,0.08213776946343831
id19422,0.7961724172089497,0.1114885839400357,0.0923389988510144
id09603,0.21342923001190184,0.6064677742544233,0.18010299573367508
id02133,0.46205249387529734,0.3066803696278627,0.23126713649683905
id03441,0.3238693247970831,0.0678537511655215,0.6082769240373946
id02398,0.27320496770490355,0.6681591383848507,0.05863589391024601
id05152,0.2445285890447489,0.06880045426975144,0.6866709566855005
id17838,0.5490220768200746,0.0910852589237888,0.35989266425613653
id25060,0.8220741196165231,0.11713321076532701,0.06079266961814926
id09998,0.2967933379568001,0.14239069884338573,0.5608159631998137
id01828,0.13380916439332616,0.5483529188430726,0.31783791676360196
id25377,0.458245071190323,0.1125513705268513,0.4292035582828253
id22175,0.12877349339360564,0.8244643735720367,0.04676213303435765
id02974,0.2273415425106387,0.08698704471747232,0.6856714127718886
id26955,0.8714718728594146,0.09534787398995286,0.033180253150632485
id21091,0.6147110761807403,0.18256131349288487,0.20272761032637454
id12802,0.7954683249386071,0.14426782777591396,0.0602638472854787
id07432,0.06287568738321211,0.8648964786001481,0.07222783401663962
id18749,0.285817567685046,0.396605941427124,0.3175764908878297
id15030,0.10343295360077745,0.18409049851114817,0.712476547888075
id17155,0.23623133001172508,0.6987078165275247,0.06506085346074975
id08128,0.07875220397648522,0.7224337176508446,0.19881407837266984
id25706,0.03531040407930543,0.7938031652680316,0.17088643065266146
id15645,0.6043463378007994,0.2876720683377783,0.10798159386142278
id04943,0.7631438753032904,0.11003838273801779,0.12681774195869155
id27566,0.21867158969124623,0.04958044233374436,0.7317479679750094
id11765,0.41114012698395913,0.2595711591470309,0.3292887138690106
id13783,0.48749789865736576,0.2964802178440844,0.2160218834985498
id00492,0.0933602943872745,0.09012043667517522,0.8165192689375502
id27636,0.26597895237236824,0.13725000677242566,0.5967710408552069
id04273,0.7096919495097356,0.20244741979091713,0.08786063069934853
id02537,0.3351315785449465,0.32923493980100277,0.3356334816540508
id24349,0.7475048329329139,0.20286728918670757,0.049627877880378674
id00023,0.036046762955492605,0.862518145510065,0.10143509153444187
id23025,0.5548352788407436,0.39563824845170936,0.049526472707547176
id08722,0.6697147741807836,0.12696816570220665,0.2033170601170105
id02420,0.8710335433518445,0.1076084457248805,0.021358010923274186
id10811,0.644653795103569,0.08692365079223338,0.2684225541041968
id04019,0.14989440161674683,0.1174956518522037,0.7326099465310496
id18334,0.8383183420252109,0.10976488598660439,0.05191677198818516
id16781,0.31253744325756666,0.5379979924905091,0.14946456425192395
id08773,0.6768854791771457,0.2458225546975888,0.07729196612526502
id19214,0.5537087841311699,0.2336881090628597,0.2126031068059701
id09589,0.0609295057999895,0.5201840383382021,0.41888645586180856
id24246,0.5751830160043907,0.12776628916469288,0.29705069483091795
id23577,0.6291858515915087,0.33862059857327004,0.03219354983522174
id09305,0.6438615096133649,0.09666302806051397,0.2594754623261212
id16460,0.5080641649286717,0.09343635447820792,0.3984994805931201
id21115,0.45533200042512095,0.3207718676066916,0.2238961319681876
id25996,0.4489194960545386,0.14954830162796234,0.40153220231749887
id02551,0.09896257492330324,0.11659566871083471,0.7844417563658623
id19352,0.10247403367854696,0.01604919423392462,0.881476772087529
id03806,0.19827323077093711,0.08461844904491692,0.7171083201841462
id26544,0.6968523326705811,0.08963244110029367,0.21351522622912478
id18761,0.8253953665198936,0.09592148916495011,0.0786831443151564
id24148,0.18998200854882824,0.71714899040157,0.09286900104960163
id16095,0.15387186877123493,0.569900296059883,0.27622783516888194
id18442,0.6311062377570049,0.12615443066772225,0.24273933157527272
id22596,0.008229907165390968,0.0013405881201985568,0.9904295047144107
id23002,0.09100562702852709,0.06060520522307866,0.8483891677483936
id04797,0.9016397833499328,0.05450020517634757,0.043860011473719596
id06610,0.3020210335380093,0.05193346579771138,0.6460455006642796
id16173,0.4253775716082847,0.35679736976220544,0.21782505862950957
id18292,0.2793302875519168,0.1382914293386055,0.5823782831094769
id27328,0.9211878930578471,0.03156298775427291,0.047249119187880495
id01695,0.3900096299660367,0.4530134602297106,0.15697690980425255
id05761,0.6442541548235796,0.11441798743517362,0.24132785774124657
id16354,0.8061083450669955,0.09222417419855672,0.10166748073444731
id12207,0.18965103599649483,0.5737963196575127,0.2365526443459925
id05665,0.3273270844522335,0.09448843470402887,0.578184480843736
id01911,0.5268716701243196,0.3335705535533941,0.1395577763222864
id19153,0.11005151606947425,0.06770428297920113,0.8222442009513246
id10295,0.46856286622981225,0.29124751815937555,0.2401896156108129
id23038,0.2950041019036959,0.5091485961414073,0.19584730195489708
id23783,0.5336789495476759,0.40450756840006175,0.061813482052261906
id27879,0.4690882629398054,0.47615831732019587,0.054753419739999615
id19190,0.13565890776873554,0.8412281823075063,0.023112909923759056
id05065,0.7995609830078674,0.06988856585725467,0.1305504511348774
id21296,0.14647255662092679,0.5903564979957586,0.26317094538331387
id13262,0.6619520043750914,0.09697705242220303,0.24107094320270533
id10333,0.7100018837191535,0.0835146358141588,0.20648348046668696
id16677,0.19626538050830658,0.4761238399002831,0.3276107795914088
id01392,0.35842145194782205,0.1339620185522966,0.5076165294998807
id27874,0.397519795443136,0.27878811563455475,0.32369208892230916
id02294,0.0559857116490051,0.7661038952937799,0.1779103930572149
id18298,0.09189405379106105,0.10325712094011581,0.8048488252688232
id06997,0.8061407889191244,0.08083579735597007,0.11302341372490572
id05243,0.6777145871699896,0.11058235877036587,0.21170305405964474
id00860,0.10929384141632036,0.6016855536015671,0.289020604982113
id26681,0.7404420554393143,0.22086599775950422,0.03869194680118158
id06020,0.04953139473542259,0.009452284020596221,0.9410163212439829
id27683,0.5020011058797959,0.26384963164663305,0.2341492624735713
id17655,0.18795505444590985,0.776998296991363,0.035046648562727614
id08817,0.3142373098917982,0.105850137297413,0.5799125528107878
id11512,0.0884733893566332,0.1363551959446142,0.7751714146987534
id00478,0.43828958036479665,0.18974209477304949,0.3719683248621545
id02116,0.7063630823115838,0.10804527148502696,0.1855916462033885
id06746,0.6845007704831285,0.1936016495781536,0.1218975799387185
id03863,0.34259919085748636,0.528170814103354,0.12922999503915963
id01802,0.33048381375111513,0.38122047288404726,0.28829571336483745
id11682,0.6697875717235909,0.10146268709948557,0.2287497411769237
id04033,0.05179552567403218,0.8465852166993146,0.10161925762665357
id09286,0.2860070748803082,0.4306561117764053,0.2833368133432872
id12904,0.8916716003065513,0.0679360882796681,0.04039231141378004
id07420,0.0905394186153069,0.07658957906411126,0.8328710023205812
id22398,0.02155684921643121,0.9537326670213895,0.024710483762180616
id00424,0.34093812691397957,0.10065937756191161,0.5584024955241089
id20960,0.7842635727167266,0.1452198558054346,0.07051657147783802
id10267,0.5889024526214897,0.21742725660589002,0.1936702907726199
id19330,0.4325933572474586,0.043310637391606024,0.5240960053609353
id00994,0.2490817885278744,0.6246617648645252,0.12625644660760038
id10785,0.5586717004855681,0.27129080520389026,0.17003749431054158
id00955,0.11617955844433525,0.7967420260571738,0.08707841549849153
id09757,0.10397455908444025,0.8689510295797209,0.02707441133583962
id10030,0.2948814538349366,0.13713106123252175,0.5679874849325415
id22952,0.13789266814273474,0.20199889428557882,0.6601084375716872
id21955,0.03176051339831968,0.0396564154867025,0.9285830711149776
id07674,0.42030936228122345,0.3822883209011627,0.1974023168176141
id13760,0.6116819464061856,0.2875201706080431,0.1007978829857706
id18166,0.7116495971907331,0.04948801786514606,0.23886238494412065
id23498,0.6347362451790168,0.3336997212006625,0.031564033620320495
id05296,0.8818576467320262,0.04067689708281287,0.07746545618516158
id26709,0.6378668344679085,0.17091613152655366,0.19121703400553722
id02853,0.8398564476685754,0.10272322851338317,0.05742032381804212
id06800,0.389130719122178,0.23525921154663865,0.37561006933118357
id14758,0.3822328274473479,0.4232439441938005,0.1945232283588523
id12356,0.6178977120739069,0.24884152994762376,0.13326075797846915
id21492,0.5603344535533998,0.23950055865072223,0.2001649877958779
id27540,0.44490634603310286,0.18637071025614288,0.36872294371075365
id07376,0.3145351924533105,0.49806749376623255,0.1873973137804567
id15201,0.624569472563685,0.2702945112565363,0.10513601617977784
id23388,0.07803699224382327,0.8360245884917505,0.08593841926442665
id13923,0.21303075428285628,0.6647851661650019,0.12218407955214203
id00794,0.08641140608212351,0.7911040069747077,0.12248458694316819
id23910,0.2589259528963527,0.24853784697914855,0.49253620012449917
id02556,0.10376930932247416,0.13124496529164115,0.764985725385885
id22151,0.1081785877634332,0.8360791296689067,0.05574228256765924
id11698,0.3015426245823475,0.5615697332971815,0.136887642120471
id11627,0.45076400721388915,0.1629796693096271,0.3862563234764841
id06340,0.9377173948601474,0.034591767955154964,0.02769083718469794
id05123,0.7451881902066713,0.11535086416493813,0.13946094562839048
id26620,0.09084751750183026,0.03187796396445426,0.877274518533715
id04002,0.16789616344701008,0.3580424727509907,0.4740613638019993
id26554,0.15546887606507984,0.6271062778961968,0.21742484603872367
id18012,0.2518281737159235,0.31660195791503865,0.43156986836903816
id12964,0.19742793508285078,0.07253261250519204,0.730039452411957
id18965,0.15098699214114208,0.3662912861834379,0.48272172167542027
id19082,0.27341579558682905,0.09676004848500996,0.6298241559281601
id26742,0.134228861319777,0.04808285259654674,0.8176882860836758
id15442,0.2536680492608968,0.5545738869670129,0.19175806377209104
id16647,0.475080050510411,0.1940107536867275,0.33090919580286177
id11544,0.3102232605461643,0.13135191489702813,0.5584248245568083
id20581,0.26116917062636225,0.11384948186827606,0.6249813475053618
id13192,0.3810010969757019,0.249944132436024,0.3690547705882738
id15814,0.189444894470937,0.4268574274121145,0.3836976781169485
id26279,0.28405827847344906,0.6375832113305926,0.07835851019595796
id00240,0.8442744499757915,0.07212332854302463,0.08360222148118399
id22836,0.8671945499101499,0.0310670490320877,0.10173840105776144
id15085,0.2238531932440358,0.4582405500440597,0.3179062567119041
id17495,0.5064332503860033,0.09150069768236399,0.40206605193163214
id26762,0.5441474718344202,0.25642431395662757,0.19942821420895154
id13685,0.9109795885318174,0.018120356363250576,0.07090005510493216
id16560,0.15271591397914136,0.8043765343846898,0.042907551636169564
id17184,0.036619357153037005,0.918785153439168,0.04459548940779526
id21635,0.9578221101222824,0.023363717956494404,0.01881417192122376
id26751,0.2241608268517183,0.637733222404997,0.13810595074328483
id12351,0.7686632289677028,0.06667548582699181,0.16466128520530515
id14872,0.4477206872418204,0.27652591650035774,0.2757533962578221
id18372,0.5209055977680661,0.2854335426605876,0.193660859571346
id26851,0.5181644804822163,0.27701582213824105,0.20481969737954214
id22659,0.5865221889935565,0.38857103107069996,0.024906779935743396
id04102,0.02606499345058947,0.009225934077742345,0.9647090724716669
id02353,0.17012096953683903,0.7531534189920688,0.07672561147109218
id26721,0.8234709404159222,0.13151028291825057,0.04501877666582804
id11171,0.5252808117267851,0.16483116474349224,0.30988802352972256
id13562,0.35210542067214656,0.41774051645437404,0.23015406287347961
id26425,0.863805414163763,0.041426576594848316,0.09476800924138899
id26394,0.3167244133960591,0.19383799863028311,0.48943758797365766
id22187,0.3282062725102217,0.5232378866755295,0.14855584081424836
id00422,0.8297714133779133,0.05132075525287942,0.11890783136920562
id22667,0.0851449241574366,0.8961409972699791,0.018714078572584537
id00911,0.609195006069754,0.2703901907221433,0.12041480320810302
id17291,0.5390316772280372,0.14943859655823444,0.3115297262137287
id01915,0.2771009203726295,0.20102070482029255,0.5218783748070774
id01434,0.14111926417346873,0.09491858193492708,0.763962153891604
id01584,0.18004782281865755,0.18982494992221222,0.6301272272591303
id09266,0.4525302313712249,0.16314797234144762,0.38432179628732666
id17494,0.06500819507533426,0.9082292455755805,0.026762559349086223
id24919,0.22811310537654847,0.3961618985146328,0.3757249961088187
id21043,0.22879689110466106,0.030824145274488773,0.7403789636208515
id17796,0.16052063764841315,0.7662992623044411,0.07318010004714666
id02166,0.18952816153280713,0.08919886661782245,0.72127297184937
id17503,0.770116075538787,0.10634039842379392,0.12354352603741953
id21203,0.47487830039020823,0.2553079618482619,0.2698137377615299
id25626,0.913884906580279,0.05829839511233591,0.027816698307386124
id09836,0.8922095326477308,0.08409345656682517,0.023697010785444114
id24202,0.21784134601495647,0.21561654054197246,0.566542113443071
id27260,0.3402329248012207,0.2155322532465322,0.44423482195224717
id23167,0.05877514391291844,0.03924744588839957,0.9019774101986815
id10393,0.11839210320907533,0.8139461150724665,0.06766178171845888
id01171,0.38233001088842355,0.44817989433640926,0.1694900947751674
id06380,0.8332357084335176,0.0939124800869674,0.07285181147951517
id22686,0.4272306356575714,0.05099665614066545,0.5217727082017635
id26250,0.2685168272402678,0.0686249408191463,0.6628582319405858
id09315,0.36672149771334966,0.3866090155859859,0.24666948670066532
id00886,0.4252860498428503,0.1787301592766016,0.39598379088054814
id03101,0.6031057770582332,0.1609123906587988,0.23598183228296815
id12367,0.4725636422676104,0.17208660876134496,0.3553497489710446
id10770,0.5718316972868478,0.10282626567302441,0.3253420370401274
id14949,0.4209868404022411,0.5184957748202064,0.060517384777553127
id14141,0.284187871946339,0.5581729530263907,0.15763917502727154
id25417,0.46369649861294804,0.3263402617230684,0.20996323966398278
id26873,0.5317563819002833,0.20545283053119784,0.2627907875685182
id10818,0.2622660646657513,0.09452868967281244,0.6432052456614368
id15146,0.5292470392642337,0.06392637033350339,0.4068265904022631
id23328,0.7490730734507871,0.19627738167440018,0.05464954487481205
id16765,0.33127502966437206,0.5053615989602391,0.16336337137538814
id24383,0.8325224992923483,0.058950439073876815,0.10852706163377471
id21304,0.7054261767055217,0.12911126684557073,0.16546255644890845
id12551,0.18377665169466528,0.741284098215016,0.0749392500903186
id23274,0.27943371734922356,0.27548142801485503,0.4450848546359222
id08117,0.5360414130162492,0.17622854055428455,0.28773004642946587
id23961,0.6819685283388874,0.1327665247779036,0.18526494688320982
id13865,0.20973458803289358,0.70271623548783,0.08754917647927704
id22807,0.3446020730655789,0.1259036962791453,0.529494230655275
id08951,0.20345568744706466,0.2625696611747074,0.533974651378228
id18684,0.8914193745582941,0.07882806334798574,0.029752562093720146
id25179,0.181122576575034,0.38007894077892046,0.43879848264604526
id27033,0.6019455015570275,0.14384317714654052,0.2542113212964307
id13977,0.2287942694745984,0.50797270972572,0.26323302079968136
id19337,0.08658257479341687,0.7039014117662492,0.20951601344033413
id25764,0.3312769620890696,0.6050898223573258,0.0636332155536042
id16106,0.24001649064281327,0.2536437523170093,0.5063397570401766
id05468,0.09460893494754191,0.04257383009836607,0.8628172349540926
id05241,0.8968223569027078,0.03261604824161264,0.07056159485568045
id10215,0.48722376974288817,0.26145810453329366,0.25131812572381734
id23457,0.09881621980152501,0.18226202450669954,0.7189217556917759
id02200,0.7711826969762037,0.1690343610160971,0.059782942007700395
id13714,0.35345881344970065,0.48143693250009345,0.1651042540502052
id20332,0.02870274953642952,0.03785852452361212,0.9334387259399591
id18573,0.26886281694954317,0.2649224758305098,0.4662147072199466
id08569,0.6722930513365529,0.06443594166139832,0.26327100700205025
id22767,0.27931973014753597,0.501758618475989,0.21892165137647482
id25390,0.2981912127388916,0.4802868550780838,0.2215219321830243
id09288,0.8703153177853677,0.07565453613959083,0.054030146075041585
id12381,0.7152129848375791,0.15210628961579253,0.13268072554662924
